1 1 13.054875
1 0 4.089306
1 1 10.101950
1 0 3.114816
1 1 13.149106
1 0 4.172363
1 1 2.886327
1 0 31.093594
1 1 3.329545
1 0 2.543631
1 1 8.486231
1 0 7.653728
1 1 1.468904
1 0 0.046981
1 1 15.866530
1 0 11.678979
1 1 23.827743
1 0 2.109000
1 1 21.940197
1 0 4.843754
1 1 7.907086
1 0 13.449544
1 1 12.329154
1 0 0.901123
1 1 6.065335
1 0 8.038480
1 1 4.126359
1 0 14.086823
1 1 4.079714
1 0 4.380011
1 1 1.177658
1 0 31.099711
1 1 23.009596
1 0 0.967683
1 1 0.773102
1 0 12.327261
1 1 2.554833
1 0 3.559704
1 1 7.530003
1 0 13.854255
1 1 18.993315
1 0 16.095311
1 1 3.851623
1 0 11.294828
1 1 26.197422
1 0 24.422579
1 1 6.334036
1 0 0.563854
1 1 21.410427
1 0 21.817708
1 1 9.294716
1 0 8.735096
1 1 6.450572
1 0 4.127390
1 1 20.897728
1 0 11.621963
1 1 9.415645
1 0 12.330129
1 1 2.050147
1 0 5.651298
1 1 16.132452
1 0 20.423162
1 1 21.658622
1 0 5.225410
1 1 7.624526
1 0 1.912708
1 1 8.259497
1 0 30.255952
1 1 6.781255
1 0 8.339033
1 1 3.082859
1 0 26.998501
1 1 23.405215
1 0 5.045430
1 1 31.330893
1 0 1.261479
1 1 0.884475
1 0 25.605359
1 1 15.847357
1 0 35.789030
1 1 13.881271
1 0 3.200344
1 1 6.541325
1 0 0.929441
1 1 13.183154
1 0 11.121655
1 1 18.587674
1 0 16.404280
1 1 2.996592
1 0 4.224824
1 1 29.199789
1 0 24.079324
1 1 9.992934
1 0 21.501379
1 1 22.489797
1 0 8.749256
1 1 17.694999
1 0 1.152191
1 1 16.582432
1 0 3.353318
1 1 15.626340
1 0 44.106805
1 1 0.769255
1 0 20.245690
1 1 0.826969
1 0 4.529327
1 1 19.334508
1 0 2.590115
1 1 10.316021
1 0 0.933904
1 1 1.136309
1 0 8.524423
1 1 0.848997
1 0 3.466185
1 1 9.525919
1 0 13.644856
1 1 0.257108
1 0 37.830241
1 1 37.366144
1 0 9.669399
1 1 2.411937
1 0 12.469658
1 1 4.405853
1 0 12.421660
1 1 0.174373
1 0 30.672882
1 1 12.423192
1 0 11.600590
1 1 22.648732
1 0 9.917672
1 1 12.670037
1 0 33.173307
1 1 1.685768
1 0 3.450388
1 1 18.188662
1 0 30.599501
1 1 6.317393
1 0 24.361402
1 1 13.854717
1 0 12.138001
1 1 9.324465
1 0 2.736379
1 1 29.778799
1 0 13.327010
1 1 0.335156
1 0 16.797831
1 1 15.482589
1 0 16.258463
1 1 9.754259
1 0 19.180302
1 1 9.280310
1 0 3.664153
1 1 0.996249
1 0 4.212657
1 1 11.191358
1 0 55.857055
1 1 32.290544
1 0 0.855282
1 1 37.184413
1 0 23.140951
1 1 3.643075
1 0 7.321971
1 1 5.423711
1 0 21.191560
1 1 8.333928
1 0 9.980955
1 1 1.653122
1 0 27.550020
1 1 14.795877
1 0 34.919417
1 1 16.226207
1 0 1.792312
1 1 28.443868
1 0 28.317575
1 1 1.873192
1 0 0.132181
1 1 8.482891
1 0 1.071076
1 1 3.089639
1 0 0.449747
1 1 3.966997
1 0 23.731963
1 1 2.168259
1 0 3.978451
1 1 3.805931
1 0 13.224162
1 1 8.557221
1 0 16.965572
1 1 1.823898
1 0 33.591067
1 1 15.542124
1 0 2.297295
1 1 17.413739
1 0 3.523677
1 1 10.948882
1 0 29.822687
1 1 8.836025
1 0 13.258781
1 1 0.601937
1 0 3.200677
1 1 11.111128
1 0 19.973095
1 1 1.663381
1 0 2.948485
1 1 41.870062
1 0 27.893991
1 1 3.157205
1 0 7.190556
1 1 17.793459
1 0 7.225583
1 1 1.978100
1 0 6.901415
1 1 1.491688
1 0 11.898282
1 1 5.567618
1 0 6.107742
1 1 26.360494
1 0 3.172929
1 1 8.020687
1 0 5.232160
1 1 8.670670
1 0 3.927474
1 1 9.754370
1 0 10.660011
1 1 15.715020
1 0 3.868313
1 1 5.369812
1 0 18.799959
1 1 1.124574
1 0 2.116586
1 1 17.469031
1 0 5.239214
1 1 6.936178
1 0 23.600453
1 1 1.917478
1 0 25.176784
1 1 28.696001
1 0 9.070254
1 1 4.172535
1 0 5.664315
1 1 37.024738
1 0 4.859190
1 1 10.035073
1 0 21.426478
1 1 28.263677
1 0 11.003599
1 1 26.157864
1 0 23.797929
1 1 6.960790
1 0 2.500000
