1 1 14.586817
1 0 34.610366
1 1 3.466444
1 0 29.035124
1 1 1.924969
1 0 34.498985
1 1 24.305559
1 0 11.905507
1 1 0.555211
1 0 4.496247
1 1 0.487910
1 0 10.693942
1 1 22.376426
1 0 79.727445
1 1 5.274777
1 0 0.358432
1 1 7.153549
1 0 6.250313
1 1 15.132536
1 0 10.749530
1 1 18.497173
1 0 27.729850
1 1 34.110048
1 0 18.212149
1 1 18.221506
1 0 3.645817
1 1 1.248705
1 0 1.583255
1 1 59.751605
1 0 1.110930
1 1 17.001212
1 0 0.303405
1 1 0.018365
1 0 12.464883
1 1 6.241297
1 0 13.291682
1 1 3.335754
1 0 46.313301
1 1 25.843630
1 0 11.174439
1 1 0.972077
1 0 34.795120
1 1 5.098726
1 0 57.485593
1 1 2.717568
1 0 55.390032
1 1 19.771454
1 0 1.835975
1 1 2.177028
1 0 6.693225
1 1 1.926071
1 0 14.353162
1 1 3.250436
1 0 11.164356
1 1 8.892850
1 0 4.950108
1 1 33.219403
1 0 1.184167
1 1 1.833101
1 0 18.763303
1 1 6.698946
1 0 12.522123
1 1 2.972724
1 0 43.158785
1 1 33.153892
1 0 23.203257
1 1 12.349377
1 0 5.581840
1 1 1.272271
1 0 5.862413
1 1 13.353846
1 0 28.907804
1 1 12.292698
1 0 20.762547
1 1 7.087732
1 0 1.150070
1 1 13.435442
1 0 0.163915
1 1 0.437451
1 0 1.691508
1 1 27.383245
1 0 1.695050
1 1 4.470982
1 0 5.091066
1 1 38.668940
1 0 31.850150
1 1 23.854810
1 0 14.658857
1 1 4.704717
1 0 10.208230
1 1 10.686902
1 0 18.923218
1 1 12.820821
1 0 13.338872
1 1 5.068139
1 0 3.128757
1 1 1.974357
1 0 11.546094
1 1 20.994372
1 0 18.896377
1 1 6.629748
1 0 22.858637
1 1 2.116679
1 0 6.711863
1 1 4.567477
1 0 2.108236
1 1 1.871481
1 0 19.540999
1 1 2.079795
1 0 19.303367
1 1 1.426741
1 0 13.650547
1 1 2.230695
1 0 14.230290
1 1 5.439826
1 0 9.349329
1 1 39.974647
1 0 8.965125
1 1 7.268806
1 0 38.829623
1 1 3.356016
1 0 4.880612
1 1 7.091035
1 0 15.773194
1 1 0.676139
1 0 0.034100
1 1 0.009947
1 0 26.957820
1 1 6.633971
1 0 1.093744
1 1 4.451439
1 0 3.245064
1 1 13.027882
1 0 18.930136
1 1 39.220131
1 0 2.968952
1 1 13.661621
1 0 22.648955
1 1 3.126621
1 0 2.259050
1 1 8.790780
1 0 6.356867
1 1 3.342282
1 0 2.157022
1 1 18.726419
1 0 20.346309
1 1 2.000983
1 0 3.434973
1 1 14.176770
1 0 0.570090
1 1 2.990651
1 0 34.073629
1 1 0.298962
1 0 26.059159
1 1 1.594285
1 0 0.559880
1 1 2.348811
1 0 19.423644
1 1 45.055892
1 0 0.162137
1 1 5.774896
1 0 3.753522
1 1 25.300076
1 0 2.211575
1 1 31.659982
1 0 10.677761
1 1 6.415761
1 0 4.492209
1 1 5.711135
1 0 3.024397
1 1 12.537109
1 0 0.458413
1 1 16.869497
1 0 2.627169
1 1 17.106590
1 0 14.466562
1 1 18.007772
1 0 8.697446
1 1 0.479661
1 0 37.882415
1 1 11.637603
1 0 5.016293
1 1 3.068025
1 0 8.905893
1 1 23.054676
1 0 14.475051
1 1 39.748734
1 0 2.865259
1 1 19.342461
1 0 27.572944
1 1 6.456337
1 0 0.555520
1 1 9.953403
1 0 1.040022
1 1 2.026258
1 0 2.172222
1 1 11.308762
1 0 11.941617
1 1 5.294587
1 0 13.501144
1 1 8.482379
1 0 45.617653
1 1 53.725724
1 0 33.054099
1 1 71.504535
1 0 18.088681
1 1 43.400213
1 0 3.844797
1 1 2.644264
1 0 13.812268
1 1 18.355227
1 0 21.145810
1 1 24.904616
1 0 18.598748
1 1 18.399765
1 0 8.213416
1 1 7.964654
1 0 8.016084
1 1 7.268658
1 0 12.946985
1 1 16.311731
1 0 24.689261
1 1 15.424474
1 0 2.457242
1 1 17.975773
1 0 9.816339
1 1 44.719776
1 0 20.339147
1 1 3.938754
1 0 19.734002
1 1 3.514277
1 0 11.123874
1 1 19.659967
1 0 11.309404
1 1 50.899805
1 0 37.331294
1 1 2.813350
1 0 8.940363
1 1 17.241814
1 0 0.875753
1 1 10.338508
1 0 8.657352
1 1 31.110694
1 0 9.942821
1 1 30.959521
1 0 2.732264
1 1 0.298116
1 0 35.081673
1 1 81.731503
1 0 2.500000
