1 1 5.143845
1 0 3.380925
1 1 2.748028
1 0 0.732598
1 1 0.949606
1 0 2.620559
1 1 10.685136
1 0 5.361125
1 1 2.239126
1 0 4.862522
1 1 2.844303
1 0 5.142333
1 1 0.886361
1 0 0.758439
1 1 0.539366
1 0 1.881618
1 1 4.668658
1 0 0.083876
1 1 3.028213
1 0 2.721954
1 1 1.000102
1 0 0.407763
1 1 4.150731
1 0 3.240366
1 1 4.288737
1 0 1.515553
1 1 4.902129
1 0 1.996564
1 1 1.309251
1 0 0.162033
1 1 0.213394
1 0 1.419916
1 1 2.037791
1 0 9.262229
1 1 6.316210
1 0 0.183456
1 1 0.801960
1 0 1.663227
1 1 3.637131
1 0 13.241932
1 1 13.393265
1 0 0.994449
1 1 2.746906
1 0 3.510189
1 1 6.711522
1 0 0.726287
1 1 1.367927
1 0 8.719266
1 1 5.111550
1 0 0.931506
1 1 0.342991
1 0 1.352813
1 1 5.050419
1 0 0.380823
1 1 1.571434
1 0 0.217313
1 1 12.372783
1 0 2.411729
1 1 12.942599
1 0 0.785981
1 1 10.961722
1 0 0.905823
1 1 1.934311
1 0 9.447658
1 1 3.096923
1 0 0.357687
1 1 4.560381
1 0 5.668879
1 1 4.056572
1 0 0.522906
1 1 5.246685
1 0 5.662851
1 1 2.024171
1 0 3.195522
1 1 3.291157
1 0 1.117988
1 1 7.837048
1 0 2.949276
1 1 0.386975
1 0 4.103012
1 1 0.143167
1 0 2.080663
1 1 1.849977
1 0 1.080088
1 1 2.358931
1 0 3.794683
1 1 1.793106
1 0 4.810441
1 1 7.159868
1 0 4.401605
1 1 2.476144
1 0 2.032811
1 1 0.893390
1 0 6.393936
1 1 6.120588
1 0 6.055268
1 1 5.692129
1 0 0.392385
1 1 2.695535
1 0 0.203369
1 1 0.841804
1 0 7.649840
1 1 3.972997
1 0 0.450636
1 1 0.170809
1 0 0.333518
1 1 4.135105
1 0 4.000816
1 1 3.146379
1 0 2.592507
1 1 0.761571
1 0 5.733865
1 1 0.099381
1 0 14.765636
1 1 3.089056
1 0 6.186599
1 1 1.373872
1 0 1.151478
1 1 3.700091
1 0 6.046189
1 1 11.224803
1 0 0.511319
1 1 5.758807
1 0 0.504825
1 1 0.299601
1 0 3.306037
1 1 0.025660
1 0 2.352819
1 1 3.641479
1 0 0.888239
1 1 0.043850
1 0 0.964792
1 1 1.633347
1 0 3.448871
1 1 0.939838
1 0 14.602687
1 1 0.053701
1 0 0.177636
1 1 1.644103
1 0 4.810937
1 1 2.857615
1 0 2.928423
1 1 4.061019
1 0 5.982504
1 1 7.814956
1 0 1.516336
1 1 0.359645
1 0 1.261086
1 1 9.625120
1 0 7.256676
1 1 1.647185
1 0 2.737098
1 1 3.358390
1 0 5.214781
1 1 0.462006
1 0 0.431559
1 1 2.732202
1 0 1.319104
1 1 2.271806
1 0 3.560729
1 1 2.112951
1 0 0.349175
1 1 0.427608
1 0 6.687148
1 1 2.434377
1 0 5.153846
1 1 9.398733
1 0 1.065432
1 1 3.940153
1 0 0.080982
1 1 1.205342
1 0 2.787990
1 1 0.407503
1 0 1.557384
1 1 3.880117
1 0 1.694824
1 1 0.426724
1 0 1.682132
1 1 3.270155
1 0 0.231055
1 1 1.016825
1 0 5.373652
1 1 5.841600
1 0 5.035246
1 1 3.998611
1 0 6.546458
1 1 4.864735
1 0 0.336841
1 1 0.799954
1 0 1.232458
1 1 2.352674
1 0 8.984375
1 1 0.938983
1 0 3.365119
1 1 2.567430
1 0 1.088949
1 1 6.636155
1 0 3.603107
1 1 2.994940
1 0 4.822088
1 1 3.198577
1 0 0.520094
1 1 1.659314
1 0 1.131097
1 1 2.359344
1 0 3.991603
1 1 2.861925
1 0 3.930045
1 1 11.102179
1 0 10.443470
1 1 0.489346
1 0 3.966214
1 1 11.564134
1 0 2.558541
1 1 1.224492
1 0 8.396204
1 1 0.476068
1 0 0.067552
1 1 4.864378
1 0 0.349124
1 1 1.146936
1 0 0.293101
1 1 3.287427
1 0 8.522251
1 1 2.387388
1 0 2.048417
1 1 0.418098
1 0 2.624946
1 1 0.233558
1 0 1.299647
1 1 4.014457
1 0 1.962540
1 1 2.521702
1 0 1.942167
1 1 1.232003
1 0 0.478449
1 1 3.386844
1 0 0.527063
1 1 0.631766
1 0 6.609957
1 1 4.488502
1 0 0.513102
1 1 8.152103
1 0 1.336486
1 1 4.901216
1 0 0.289171
1 1 3.159782
1 0 0.448429
1 1 0.912590
1 0 2.500000
