1 1 3.339186
1 0 2.455178
1 1 3.214080
1 0 7.952078
1 1 1.311158
1 0 2.268329
1 1 2.001844
1 0 4.704581
1 1 3.292241
1 0 0.101553
1 1 3.334322
1 0 2.001395
1 1 2.191818
1 0 6.573587
1 1 3.217162
1 0 3.058848
1 1 0.935777
1 0 30.980521
1 1 0.714811
1 0 17.587592
1 1 0.816653
1 0 2.918136
1 1 4.068769
1 0 3.893340
1 1 0.445387
1 0 5.013651
1 1 2.526868
1 0 11.584412
1 1 1.145643
1 0 8.961110
1 1 5.160773
1 0 0.509175
1 1 0.319589
1 0 21.374437
1 1 1.462803
1 0 7.098949
1 1 2.169701
1 0 2.538515
1 1 9.294489
1 0 18.064841
1 1 2.407981
1 0 8.471176
1 1 8.574359
1 0 2.841165
1 1 14.382595
1 0 6.840743
1 1 3.072133
1 0 4.081812
1 1 1.131504
1 0 13.094322
1 1 1.318336
1 0 2.275058
1 1 2.198243
1 0 3.273638
1 1 3.900369
1 0 11.361310
1 1 1.143926
1 0 33.822000
1 1 0.946097
1 0 6.453842
1 1 6.431536
1 0 0.881093
1 1 1.353028
1 0 7.363956
1 1 7.592325
1 0 4.972825
1 1 1.404352
1 0 7.034884
1 1 0.001033
1 0 3.359844
1 1 7.138279
1 0 6.171494
1 1 7.521960
1 0 11.490294
1 1 7.195411
1 0 2.781689
1 1 1.900043
1 0 8.977453
1 1 10.379066
1 0 2.643609
1 1 9.226540
1 0 12.888790
1 1 6.627641
1 0 8.738960
1 1 9.742881
1 0 0.555221
1 1 10.269843
1 0 4.338106
1 1 2.763492
1 0 1.390904
1 1 2.410438
1 0 16.667107
1 1 3.145844
1 0 5.711314
1 1 1.495892
1 0 5.166698
1 1 5.478623
1 0 6.781904
1 1 2.631516
1 0 0.071121
1 1 10.746301
1 0 1.013168
1 1 1.537105
1 0 1.830627
1 1 3.747882
1 0 6.056971
1 1 16.179120
1 0 4.479659
1 1 4.572361
1 0 1.969143
1 1 5.572196
1 0 15.728878
1 1 8.399758
1 0 5.638383
1 1 0.673044
1 0 12.028328
1 1 0.415741
1 0 6.073986
1 1 0.258259
1 0 18.925935
1 1 20.165760
1 0 4.596329
1 1 12.009551
1 0 7.882776
1 1 2.648704
1 0 0.757159
1 1 2.634300
1 0 1.109794
1 1 7.900699
1 0 14.872985
1 1 2.061909
1 0 0.539706
1 1 0.012033
1 0 4.322932
1 1 3.969507
1 0 2.254512
1 1 4.660585
1 0 12.861235
1 1 6.360587
1 0 10.904651
1 1 1.551209
1 0 3.850779
1 1 21.515240
1 0 5.752618
1 1 4.621690
1 0 0.506709
1 1 8.008854
1 0 3.158849
1 1 9.563685
1 0 3.452968
1 1 24.481532
1 0 5.208719
1 1 5.189887
1 0 0.826354
1 1 2.355382
1 0 0.188196
1 1 10.041081
1 0 11.358670
1 1 19.434920
1 0 5.027342
1 1 4.784383
1 0 0.593319
1 1 2.312328
1 0 14.011014
1 1 5.081469
1 0 7.506178
1 1 7.747633
1 0 0.886862
1 1 14.442469
1 0 1.560079
1 1 1.334859
1 0 2.265380
1 1 3.864130
1 0 6.149974
1 1 6.904756
1 0 5.307119
1 1 9.245027
1 0 3.162523
1 1 21.273268
1 0 3.137862
1 1 1.973366
1 0 2.449611
1 1 0.269281
1 0 7.564093
1 1 10.822023
1 0 16.613818
1 1 8.840749
1 0 1.149232
1 1 2.793224
1 0 12.307154
1 1 0.403410
1 0 5.533896
1 1 10.261314
1 0 4.179937
1 1 21.756961
1 0 4.882847
1 1 1.037506
1 0 2.054330
1 1 2.535870
1 0 1.892890
1 1 7.220117
1 0 2.995518
1 1 0.307540
1 0 4.166212
1 1 1.007762
1 0 1.937245
1 1 8.518121
1 0 9.242055
1 1 6.228999
1 0 6.353545
1 1 0.151611
1 0 1.299258
1 1 2.664154
1 0 5.173380
1 1 0.697847
1 0 0.682167
1 1 8.638496
1 0 11.078410
1 1 3.840130
1 0 0.965691
1 1 3.867667
1 0 16.778337
1 1 15.452942
1 0 0.869325
1 1 1.854945
1 0 6.838936
1 1 10.123084
1 0 7.777927
1 1 1.970944
1 0 9.467974
1 1 6.483882
1 0 1.967073
1 1 4.284284
1 0 2.377458
1 1 8.561512
1 0 1.471626
1 1 0.513414
1 0 13.554210
1 1 3.785981
1 0 0.589339
1 1 3.484418
1 0 0.644107
1 1 8.592740
1 0 3.558277
1 1 5.340560
1 0 1.028245
1 1 1.311606
1 0 4.550544
1 1 1.772075
1 0 2.500000
