1 1 51.778541
1 0 26.401432
1 1 16.816339
1 0 6.501977
1 1 3.516921
1 0 3.556969
1 1 3.175291
1 0 29.121563
1 1 52.468468
1 0 20.441169
1 1 57.145764
1 0 32.723872
1 1 2.887255
1 0 74.443708
1 1 19.459663
1 0 23.039383
1 1 2.595947
1 0 30.726069
1 1 7.473464
1 0 5.895736
1 1 22.103208
1 0 31.359312
1 1 11.501134
1 0 22.139621
1 1 9.191259
1 0 0.536623
1 1 11.594510
1 0 8.489902
1 1 3.761995
1 0 8.856241
1 1 27.864524
1 0 40.209531
1 1 10.102857
1 0 33.483397
1 1 9.574892
1 0 33.077856
1 1 10.179413
1 0 2.711871
1 1 15.516922
1 0 47.355314
1 1 21.677228
1 0 59.490615
1 1 27.428081
1 0 9.705042
1 1 6.701599
1 0 65.802762
1 1 3.372395
1 0 9.238891
1 1 23.848069
1 0 11.454277
1 1 15.488179
1 0 47.310488
1 1 17.539076
1 0 51.947536
1 1 10.958607
1 0 0.289497
1 1 6.639118
1 0 0.614875
1 1 42.454311
1 0 12.796108
1 1 7.650532
1 0 13.348361
1 1 23.125515
1 0 4.329389
1 1 22.856873
1 0 52.739241
1 1 22.699290
1 0 56.628442
1 1 25.012576
1 0 91.818426
1 1 9.796891
1 0 5.415802
1 1 32.252429
1 0 12.453746
1 1 15.371562
1 0 44.560535
1 1 2.032535
1 0 24.873630
1 1 8.773845
1 0 48.343438
1 1 1.893980
1 0 25.579582
1 1 1.053744
1 0 0.672509
1 1 2.120379
1 0 25.697776
1 1 16.130069
1 0 40.538154
1 1 13.944721
1 0 11.416282
1 1 14.462465
1 0 15.119341
1 1 32.552429
1 0 29.952711
1 1 17.183347
1 0 68.962183
1 1 26.207439
1 0 6.627240
1 1 40.073088
1 0 2.798505
1 1 8.370180
1 0 2.049713
1 1 8.338039
1 0 49.658856
1 1 8.148479
1 0 96.453429
1 1 11.397909
1 0 12.579884
1 1 27.569427
1 0 9.170650
1 1 127.974616
1 0 11.036840
1 1 8.687871
1 0 7.516792
1 1 6.306957
1 0 38.118267
1 1 14.717327
1 0 53.020194
1 1 36.199724
1 0 26.986735
1 1 0.675003
1 0 2.804564
1 1 0.338187
1 0 5.951208
1 1 72.783588
1 0 45.539741
1 1 30.060661
1 0 38.603842
1 1 7.446137
1 0 2.559457
1 1 20.138250
1 0 10.681395
1 1 35.340921
1 0 30.924247
1 1 42.044980
1 0 0.487626
1 1 6.539335
1 0 18.565616
1 1 23.802665
1 0 38.376841
1 1 24.119729
1 0 20.379497
1 1 1.920144
1 0 0.616252
1 1 13.114930
1 0 26.332906
1 1 0.224675
1 0 6.166618
1 1 42.201077
1 0 18.427432
1 1 12.782893
1 0 16.427326
1 1 29.274945
1 0 7.599902
1 1 2.595223
1 0 10.233716
1 1 18.007020
1 0 9.900275
1 1 9.393088
1 0 37.029657
1 1 8.977335
1 0 3.895199
1 1 5.883747
1 0 65.274095
1 1 0.702730
1 0 14.639036
1 1 10.886776
1 0 22.628799
1 1 7.447096
1 0 4.892477
1 1 4.576000
1 0 0.977603
1 1 20.043412
1 0 18.984045
1 1 14.358219
1 0 3.073030
1 1 33.595623
1 0 30.260382
1 1 10.879953
1 0 4.006088
1 1 5.036874
1 0 9.922599
1 1 3.239664
1 0 8.882871
1 1 11.431747
1 0 44.382639
1 1 1.135340
1 0 10.280340
1 1 51.601666
1 0 6.809502
1 1 37.082307
1 0 51.414700
1 1 0.671645
1 0 10.855002
1 1 5.553573
1 0 3.775699
1 1 60.449639
1 0 54.325118
1 1 5.813151
1 0 2.094427
1 1 39.547037
1 0 11.438013
1 1 23.340849
1 0 26.221890
1 1 2.396382
1 0 17.220480
1 1 1.888273
1 0 23.557688
1 1 19.649331
1 0 18.399700
1 1 19.763851
1 0 44.379157
1 1 38.192567
1 0 14.581499
1 1 2.874529
1 0 3.213603
1 1 0.101198
1 0 17.679326
1 1 23.911301
1 0 8.252429
1 1 72.961282
1 0 25.738082
1 1 19.317866
1 0 1.377502
1 1 14.929752
1 0 1.081184
1 1 29.482326
1 0 1.172639
1 1 75.630597
1 0 21.321874
1 1 3.917312
1 0 31.681476
1 1 16.305700
1 0 8.311568
1 1 47.882801
1 0 24.703608
1 1 1.122402
1 0 25.014828
1 1 28.323599
1 0 0.193473
1 1 20.454384
1 0 3.455840
1 1 8.044232
1 0 12.508897
1 1 4.914722
1 0 38.381024
1 1 36.327139
1 0 3.062741
1 1 37.388673
1 0 2.500000
