1 1 0.300968
1 0 6.679262
1 1 3.155604
1 0 4.211772
1 1 1.534916
1 0 2.470455
1 1 12.472217
1 0 3.872374
1 1 10.054416
1 0 11.463584
1 1 2.089759
1 0 3.976054
1 1 15.663641
1 0 5.534865
1 1 13.194175
1 0 2.006390
1 1 0.157683
1 0 7.567804
1 1 2.916486
1 0 2.222355
1 1 6.281580
1 0 3.169490
1 1 4.057014
1 0 0.541803
1 1 5.994111
1 0 7.252614
1 1 2.828166
1 0 2.609559
1 1 2.690997
1 0 12.376721
1 1 0.146089
1 0 2.162697
1 1 1.295569
1 0 2.831181
1 1 10.849930
1 0 3.976325
1 1 12.011094
1 0 4.699740
1 1 10.626452
1 0 1.699624
1 1 0.218594
1 0 0.592692
1 1 17.101155
1 0 6.735729
1 1 4.830602
1 0 9.725914
1 1 2.321813
1 0 0.977008
1 1 1.543421
1 0 0.156210
1 1 1.794173
1 0 3.887503
1 1 1.733098
1 0 5.877395
1 1 6.489686
1 0 4.054444
1 1 0.752838
1 0 1.013879
1 1 1.193290
1 0 7.776004
1 1 9.056163
1 0 1.294633
1 1 2.269951
1 0 0.336450
1 1 3.519089
1 0 5.427682
1 1 7.038421
1 0 4.269152
1 1 1.244542
1 0 0.294111
1 1 2.950082
1 0 4.955375
1 1 0.658833
1 0 3.132096
1 1 0.111837
1 0 11.203082
1 1 0.102356
1 0 5.783042
1 1 3.294091
1 0 2.030284
1 1 10.109974
1 0 4.579277
1 1 12.533497
1 0 9.227384
1 1 5.560390
1 0 6.273769
1 1 6.726371
1 0 3.901039
1 1 5.475912
1 0 8.303519
1 1 11.651574
1 0 3.944933
1 1 3.261851
1 0 1.993353
1 1 3.252860
1 0 0.787500
1 1 1.347843
1 0 9.996101
1 1 0.372768
1 0 4.307799
1 1 3.836460
1 0 5.239421
1 1 9.308927
1 0 0.221456
1 1 5.500862
1 0 2.338338
1 1 4.616745
1 0 8.798602
1 1 2.585915
1 0 0.810799
1 1 0.529029
1 0 1.821337
1 1 1.635893
1 0 0.265884
1 1 3.694559
1 0 4.678967
1 1 1.218189
1 0 9.386390
1 1 0.166669
1 0 0.745626
1 1 2.487851
1 0 0.299006
1 1 1.603761
1 0 1.395667
1 1 15.088761
1 0 6.798575
1 1 3.114512
1 0 2.705067
1 1 0.458074
1 0 3.350472
1 1 2.407149
1 0 0.689254
1 1 1.364332
1 0 2.542261
1 1 2.963570
1 0 9.602267
1 1 7.484762
1 0 4.104888
1 1 3.869576
1 0 5.723722
1 1 1.913949
1 0 3.840947
1 1 5.873944
1 0 1.560486
1 1 3.189136
1 0 1.163461
1 1 2.893812
1 0 0.478010
1 1 1.016994
1 0 0.662119
1 1 1.642056
1 0 11.836417
1 1 0.415567
1 0 0.340548
1 1 3.018374
1 0 4.154204
1 1 5.427389
1 0 9.701011
1 1 3.925072
1 0 0.879832
1 1 4.753490
1 0 2.602092
1 1 6.925928
1 0 0.655648
1 1 6.354661
1 0 6.985538
1 1 1.575004
1 0 4.632434
1 1 5.874438
1 0 2.666113
1 1 1.453372
1 0 1.294873
1 1 0.039851
1 0 5.470990
1 1 9.778558
1 0 2.554755
1 1 8.978138
1 0 2.149379
1 1 4.425426
1 0 5.097004
1 1 9.250592
1 0 1.533436
1 1 1.330432
1 0 0.385412
1 1 5.411727
1 0 7.133094
1 1 0.081481
1 0 8.215233
1 1 4.459842
1 0 5.796174
1 1 3.845880
1 0 12.498976
1 1 1.806386
1 0 0.055407
1 1 4.233726
1 0 9.874811
1 1 2.808236
1 0 7.209488
1 1 3.396484
1 0 1.434449
1 1 3.608496
1 0 1.778602
1 1 4.306715
1 0 1.338083
1 1 7.683708
1 0 0.083881
1 1 7.120412
1 0 7.692649
1 1 14.352382
1 0 1.537286
1 1 2.938961
1 0 4.769167
1 1 4.608900
1 0 1.618041
1 1 4.841510
1 0 0.676250
1 1 1.796128
1 0 0.968162
1 1 0.683797
1 0 5.961629
1 1 8.147591
1 0 0.201638
1 1 10.085980
1 0 4.494978
1 1 0.031070
1 0 5.842931
1 1 3.751757
1 0 2.153021
1 1 13.117823
1 0 8.321749
1 1 12.577855
1 0 3.428182
1 1 0.248173
1 0 2.718642
1 1 2.599337
1 0 8.199714
1 1 4.164589
1 0 1.678725
1 1 5.544378
1 0 6.193821
1 1 0.001317
1 0 0.083439
1 1 0.801829
1 0 0.930083
1 1 5.252956
1 0 1.953961
1 1 0.532388
1 0 2.433643
1 1 11.210680
1 0 2.500000
