1 1 8.290715
1 0 7.081500
1 1 9.020347
1 0 9.076485
1 1 5.169547
1 0 4.405259
1 1 3.507795
1 0 7.280206
1 1 4.473127
1 0 0.430198
1 1 7.583748
1 0 0.459684
1 1 9.826542
1 0 3.456947
1 1 5.182201
1 0 0.004002
1 1 1.361962
1 0 6.175075
1 1 21.512230
1 0 6.643121
1 1 1.831208
1 0 8.162215
1 1 3.877527
1 0 0.222767
1 1 20.074540
1 0 7.538375
1 1 1.912180
1 0 3.693997
1 1 7.373847
1 0 14.685211
1 1 1.617094
1 0 6.532698
1 1 0.756226
1 0 3.861300
1 1 3.896241
1 0 3.376577
1 1 0.385078
1 0 8.769432
1 1 7.135176
1 0 5.714613
1 1 0.377692
1 0 6.451864
1 1 22.161901
1 0 4.398230
1 1 5.822441
1 0 1.100244
1 1 35.185313
1 0 3.862424
1 1 7.210964
1 0 5.037405
1 1 1.823248
1 0 0.461097
1 1 1.963387
1 0 0.280291
1 1 24.921055
1 0 15.754763
1 1 14.043008
1 0 8.281441
1 1 1.934067
1 0 5.765033
1 1 16.075866
1 0 7.286284
1 1 2.556861
1 0 2.902093
1 1 1.558862
1 0 1.347163
1 1 7.031188
1 0 4.844254
1 1 4.023909
1 0 13.244930
1 1 4.465105
1 0 4.324297
1 1 0.129798
1 0 0.303946
1 1 21.555205
1 0 3.558241
1 1 2.170545
1 0 2.872007
1 1 3.841139
1 0 6.076681
1 1 3.437509
1 0 1.094770
1 1 1.325857
1 0 7.891007
1 1 0.268100
1 0 2.412331
1 1 1.209578
1 0 27.228829
1 1 3.682391
1 0 0.050179
1 1 0.593917
1 0 0.647692
1 1 23.307018
1 0 8.406547
1 1 15.493123
1 0 17.640008
1 1 2.744702
1 0 21.567763
1 1 7.507427
1 0 7.912283
1 1 0.742103
1 0 11.822312
1 1 11.245798
1 0 4.790197
1 1 7.257064
1 0 2.855622
1 1 10.502425
1 0 22.931887
1 1 3.008713
1 0 9.740216
1 1 1.758390
1 0 15.566102
1 1 16.367167
1 0 14.081603
1 1 15.332463
1 0 30.785896
1 1 1.726476
1 0 23.521497
1 1 6.607216
1 0 6.668922
1 1 0.505517
1 0 5.967040
1 1 1.936993
1 0 3.679317
1 1 11.994463
1 0 0.300418
1 1 12.960622
1 0 5.771888
1 1 15.936132
1 0 5.264167
1 1 7.737109
1 0 20.403518
1 1 16.930349
1 0 9.654676
1 1 8.997035
1 0 11.126757
1 1 17.631320
1 0 0.352057
1 1 2.702965
1 0 4.832550
1 1 2.178724
1 0 7.979073
1 1 1.555925
1 0 13.875683
1 1 14.461340
1 0 11.853847
1 1 2.496333
1 0 10.039873
1 1 6.051637
1 0 6.583598
1 1 7.391296
1 0 11.741859
1 1 6.806593
1 0 2.054530
1 1 0.219597
1 0 5.839898
1 1 6.119571
1 0 0.142654
1 1 5.589442
1 0 1.915301
1 1 2.921642
1 0 7.397672
1 1 2.472996
1 0 0.633706
1 1 0.681892
1 0 0.521065
1 1 14.509300
1 0 0.079001
1 1 2.269468
1 0 23.272853
1 1 11.406175
1 0 0.229584
1 1 11.877272
1 0 7.300015
1 1 13.389753
1 0 1.003051
1 1 5.765835
1 0 7.406153
1 1 8.737202
1 0 5.186343
1 1 1.079054
1 0 33.397429
1 1 1.631368
1 0 3.415687
1 1 1.785596
1 0 11.350096
1 1 7.951319
1 0 9.409816
1 1 3.674701
1 0 2.105397
1 1 0.861749
1 0 2.646058
1 1 0.838449
1 0 44.886049
1 1 16.860784
1 0 16.578811
1 1 0.143209
1 0 4.778530
1 1 7.059333
1 0 4.056959
1 1 0.676921
1 0 9.925463
1 1 5.098971
1 0 2.203086
1 1 13.710603
1 0 35.848625
1 1 1.522106
1 0 0.945321
1 1 0.174087
1 0 13.872038
1 1 1.343297
1 0 12.104473
1 1 5.552049
1 0 17.371604
1 1 1.616254
1 0 11.552147
1 1 1.263347
1 0 1.794988
1 1 6.050397
1 0 19.492964
1 1 12.043890
1 0 0.811328
1 1 1.961903
1 0 5.592675
1 1 1.559521
1 0 1.445544
1 1 8.886007
1 0 0.674377
1 1 9.045616
1 0 6.670279
1 1 1.926980
1 0 8.115252
1 1 0.544871
1 0 0.842873
1 1 8.865513
1 0 6.714193
1 1 1.145511
1 0 6.367318
1 1 1.521804
1 0 1.651491
1 1 4.846906
1 0 17.589020
1 1 0.666482
1 0 3.695494
1 1 1.001643
1 0 0.409074
1 1 0.969408
1 0 18.291136
1 1 7.133461
1 0 2.500000
