1 1 1.030758
1 0 17.774675
1 1 30.212638
1 0 6.381128
1 1 2.663732
1 0 17.113933
1 1 5.974270
1 0 7.528429
1 1 5.421798
1 0 1.250888
1 1 1.265768
1 0 7.293860
1 1 1.016637
1 0 9.375205
1 1 1.009115
1 0 10.532426
1 1 3.270773
1 0 5.131827
1 1 10.014751
1 0 14.636567
1 1 1.220354
1 0 5.859653
1 1 0.279525
1 0 7.827646
1 1 13.077806
1 0 9.514606
1 1 23.921645
1 0 20.225747
1 1 53.872558
1 0 14.167220
1 1 9.532706
1 0 1.119004
1 1 3.608998
1 0 1.371161
1 1 5.516766
1 0 24.586778
1 1 7.094597
1 0 4.676326
1 1 6.611748
1 0 11.644349
1 1 10.565330
1 0 17.759456
1 1 1.108259
1 0 9.786033
1 1 6.883673
1 0 4.270503
1 1 17.059441
1 0 9.450606
1 1 0.455717
1 0 1.849655
1 1 3.694230
1 0 11.919543
1 1 8.172217
1 0 17.408610
1 1 0.776582
1 0 10.107905
1 1 26.421205
1 0 9.094375
1 1 13.234793
1 0 1.042578
1 1 7.759790
1 0 5.173684
1 1 5.638098
1 0 24.602168
1 1 13.220405
1 0 1.810905
1 1 12.092212
1 0 3.650572
1 1 21.499267
1 0 40.332805
1 1 6.341975
1 0 5.194518
1 1 1.810089
1 0 4.987676
1 1 13.160782
1 0 2.451416
1 1 4.885763
1 0 2.626327
1 1 1.179337
1 0 2.245968
1 1 30.086786
1 0 12.107207
1 1 0.198548
1 0 9.795821
1 1 0.879363
1 0 1.748115
1 1 12.160863
1 0 1.980106
1 1 21.814312
1 0 7.013185
1 1 3.706791
1 0 10.042908
1 1 4.869077
1 0 0.441327
1 1 2.274918
1 0 0.896142
1 1 42.667452
1 0 0.664526
1 1 6.575819
1 0 7.957690
1 1 17.992805
1 0 1.060170
1 1 0.331309
1 0 3.747097
1 1 8.870021
1 0 3.646531
1 1 0.179395
1 0 16.185694
1 1 18.100466
1 0 16.778071
1 1 31.201193
1 0 24.424243
1 1 5.757709
1 0 4.932173
1 1 1.485779
1 0 18.134845
1 1 0.064855
1 0 23.769145
1 1 4.986794
1 0 26.159302
1 1 7.149144
1 0 11.178439
1 1 4.709292
1 0 25.576006
1 1 11.740929
1 0 3.737054
1 1 1.041833
1 0 18.953022
1 1 7.402021
1 0 1.999934
1 1 2.750061
1 0 0.677019
1 1 1.354751
1 0 2.560190
1 1 17.596898
1 0 18.190219
1 1 2.465190
1 0 39.056756
1 1 0.793334
1 0 23.163710
1 1 2.936862
1 0 54.933150
1 1 8.576070
1 0 4.638224
1 1 1.417809
1 0 14.819052
1 1 31.302358
1 0 8.364045
1 1 5.294257
1 0 0.466149
1 1 19.090478
1 0 9.102983
1 1 0.218871
1 0 0.872039
1 1 11.791928
1 0 1.690896
1 1 4.028659
1 0 13.836612
1 1 17.357454
1 0 58.457245
1 1 27.735883
1 0 2.401871
1 1 11.415676
1 0 10.871436
1 1 1.049235
1 0 2.501886
1 1 6.984600
1 0 0.674506
1 1 2.991678
1 0 23.383280
1 1 18.568170
1 0 1.150847
1 1 4.615541
1 0 11.551290
1 1 4.244828
1 0 17.128911
1 1 20.519017
1 0 4.846999
1 1 6.221616
1 0 1.306106
1 1 21.649372
1 0 1.401707
1 1 0.401026
1 0 6.811983
1 1 23.699010
1 0 3.567163
1 1 4.070740
1 0 16.184294
1 1 53.245187
1 0 15.487828
1 1 36.620767
1 0 14.804395
1 1 15.887133
1 0 70.140863
1 1 2.201544
1 0 27.905634
1 1 5.744743
1 0 3.401005
1 1 18.543581
1 0 3.695907
1 1 3.037564
1 0 2.534697
1 1 2.996714
1 0 8.538491
1 1 12.646953
1 0 48.844976
1 1 3.270185
1 0 6.046933
1 1 8.429402
1 0 23.938923
1 1 3.524605
1 0 18.023488
1 1 19.239839
1 0 3.413438
1 1 11.361239
1 0 8.661984
1 1 2.438952
1 0 1.588551
1 1 25.386081
1 0 13.721651
1 1 18.713993
1 0 4.024584
1 1 0.315700
1 0 6.792163
1 1 0.175498
1 0 2.615415
1 1 4.558247
1 0 28.920113
1 1 1.014576
1 0 26.041391
1 1 17.360030
1 0 36.858862
1 1 0.056945
1 0 5.920951
1 1 5.236871
1 0 9.101629
1 1 22.444758
1 0 7.378621
1 1 0.684727
1 0 0.811713
1 1 22.821624
1 0 11.461886
1 1 1.953952
1 0 4.767346
1 1 4.921943
1 0 5.088430
1 1 21.519509
1 0 3.371648
1 1 23.900863
1 0 2.500000
