1 1 2.017345
1 0 22.449149
1 1 11.299461
1 0 5.562868
1 1 4.144266
1 0 0.113313
1 1 13.374953
1 0 7.137875
1 1 0.267549
1 0 0.399906
1 1 1.618680
1 0 1.524659
1 1 0.880573
1 0 8.211946
1 1 0.245848
1 0 3.287139
1 1 2.438034
1 0 2.106765
1 1 22.042289
1 0 25.459632
1 1 0.392803
1 0 6.313510
1 1 0.060178
1 0 3.008441
1 1 5.721588
1 0 5.501137
1 1 1.846248
1 0 33.120180
1 1 26.818021
1 0 0.270504
1 1 2.862771
1 0 12.550705
1 1 3.966692
1 0 11.811135
1 1 2.498509
1 0 5.880696
1 1 1.228064
1 0 7.199167
1 1 3.063812
1 0 6.188605
1 1 4.819781
1 0 8.301543
1 1 1.796247
1 0 17.153256
1 1 1.559539
1 0 1.965424
1 1 6.525856
1 0 1.732155
1 1 9.981222
1 0 6.019669
1 1 2.512146
1 0 19.573407
1 1 2.867168
1 0 0.594201
1 1 12.237651
1 0 17.438655
1 1 14.093048
1 0 1.290184
1 1 8.148615
1 0 3.755733
1 1 0.517754
1 0 11.325853
1 1 2.247683
1 0 6.831421
1 1 6.962391
1 0 0.447290
1 1 2.999696
1 0 27.547191
1 1 18.571150
1 0 3.009037
1 1 9.300807
1 0 16.404298
1 1 15.643316
1 0 6.698714
1 1 10.558635
1 0 6.959345
1 1 14.441260
1 0 3.286197
1 1 0.094086
1 0 4.645679
1 1 5.832583
1 0 2.270270
1 1 42.736959
1 0 1.004332
1 1 4.619185
1 0 4.116155
1 1 2.167305
1 0 1.144807
1 1 12.219281
1 0 3.742352
1 1 2.393968
1 0 8.623209
1 1 4.542472
1 0 1.565997
1 1 6.336735
1 0 0.340456
1 1 15.533778
1 0 5.732866
1 1 3.960933
1 0 6.311462
1 1 7.896423
1 0 3.574337
1 1 9.914238
1 0 0.816433
1 1 19.470219
1 0 8.295238
1 1 5.167564
1 0 5.154337
1 1 4.043647
1 0 0.592634
1 1 2.554922
1 0 7.227349
1 1 2.073689
1 0 0.108841
1 1 6.577895
1 0 24.809050
1 1 5.674656
1 0 5.599583
1 1 0.659210
1 0 0.441221
1 1 4.645567
1 0 1.099630
1 1 14.488867
1 0 3.842217
1 1 7.129968
1 0 1.912107
1 1 31.152118
1 0 8.955305
1 1 9.298933
1 0 8.164073
1 1 7.933897
1 0 10.872738
1 1 1.580162
1 0 7.169407
1 1 7.241609
1 0 27.148084
1 1 3.991622
1 0 1.265161
1 1 6.975680
1 0 3.147242
1 1 1.036346
1 0 7.843906
1 1 8.794960
1 0 5.934305
1 1 0.338429
1 0 2.007977
1 1 9.548558
1 0 7.041099
1 1 9.457430
1 0 7.672772
1 1 8.276951
1 0 6.900399
1 1 1.518994
1 0 10.876335
1 1 2.248275
1 0 0.633421
1 1 23.188448
1 0 5.828685
1 1 6.948819
1 0 11.367380
1 1 1.559266
1 0 2.765345
1 1 27.897810
1 0 10.566544
1 1 2.993133
1 0 6.676402
1 1 9.630208
1 0 10.968730
1 1 8.062354
1 0 4.414803
1 1 2.219208
1 0 9.371840
1 1 18.576305
1 0 1.528358
1 1 5.051861
1 0 7.737610
1 1 3.021810
1 0 10.823097
1 1 7.380533
1 0 7.823865
1 1 6.628390
1 0 17.228716
1 1 4.333196
1 0 3.662198
1 1 7.522017
1 0 4.630925
1 1 1.506529
1 0 1.480390
1 1 12.833379
1 0 15.772349
1 1 4.030446
1 0 13.805717
1 1 12.059604
1 0 2.653275
1 1 5.406692
1 0 14.326404
1 1 9.523934
1 0 9.821265
1 1 0.803964
1 0 0.862011
1 1 0.268452
1 0 30.819173
1 1 11.519165
1 0 7.129272
1 1 3.568221
1 0 30.565965
1 1 14.975757
1 0 3.824013
1 1 5.191405
1 0 2.516833
1 1 11.849390
1 0 4.890384
1 1 23.446037
1 0 0.221748
1 1 1.497383
1 0 3.925784
1 1 0.991773
1 0 5.382944
1 1 4.508256
1 0 9.666309
1 1 16.741232
1 0 15.354582
1 1 0.396812
1 0 4.203936
1 1 6.779258
1 0 28.108678
1 1 0.901830
1 0 11.678853
1 1 6.602446
1 0 0.168776
1 1 3.627952
1 0 0.584765
1 1 4.948196
1 0 0.626248
1 1 5.428087
1 0 23.287941
1 1 6.034965
1 0 0.119292
1 1 11.295708
1 0 1.801693
1 1 15.441155
1 0 3.763342
1 1 12.091457
1 0 0.301403
1 1 9.835642
1 0 11.249818
1 1 6.670701
1 0 12.257658
1 1 13.710329
1 0 2.500000
