1 1 0.264419
1 0 8.532131
1 1 1.328362
1 0 2.884937
1 1 9.628051
1 0 8.705574
1 1 4.557090
1 0 0.854369
1 1 1.088471
1 0 2.887072
1 1 0.952786
1 0 4.740825
1 1 21.368368
1 0 3.145140
1 1 1.077378
1 0 10.934065
1 1 9.209960
1 0 9.324408
1 1 4.494928
1 0 2.442561
1 1 6.254728
1 0 8.760603
1 1 6.965946
1 0 0.199231
1 1 0.745894
1 0 0.739498
1 1 0.529080
1 0 1.323597
1 1 5.677573
1 0 1.089422
1 1 9.997438
1 0 1.035361
1 1 2.442879
1 0 0.861891
1 1 4.384486
1 0 4.873034
1 1 3.043482
1 0 2.530669
1 1 9.835492
1 0 0.881754
1 1 1.194107
1 0 2.900957
1 1 3.487992
1 0 0.489578
1 1 2.063903
1 0 6.519666
1 1 2.825592
1 0 0.292605
1 1 0.653209
1 0 1.986575
1 1 3.454280
1 0 0.111002
1 1 0.287179
1 0 7.690113
1 1 5.739011
1 0 2.247716
1 1 5.764670
1 0 1.418622
1 1 0.400174
1 0 5.266557
1 1 1.417871
1 0 0.293490
1 1 0.027031
1 0 0.365284
1 1 11.641389
1 0 1.253391
1 1 0.173222
1 0 5.003554
1 1 9.350577
1 0 3.719912
1 1 1.124194
1 0 0.768558
1 1 1.817229
1 0 0.715355
1 1 4.995848
1 0 9.244631
1 1 3.240237
1 0 3.165690
1 1 6.229178
1 0 9.079687
1 1 7.987825
1 0 1.486365
1 1 9.636481
1 0 3.955593
1 1 4.618673
1 0 3.971751
1 1 3.099869
1 0 4.474385
1 1 0.946254
1 0 2.908511
1 1 3.237352
1 0 4.742978
1 1 0.841333
1 0 6.029793
1 1 0.382734
1 0 1.697234
1 1 9.591893
1 0 4.674898
1 1 1.374996
1 0 1.788531
1 1 1.955268
1 0 9.221665
1 1 47.087875
1 0 1.606452
1 1 0.996616
1 0 3.776123
1 1 3.449066
1 0 6.331336
1 1 13.531425
1 0 5.895087
1 1 3.214719
1 0 7.963146
1 1 4.386541
1 0 2.597446
1 1 6.925402
1 0 18.064413
1 1 6.340878
1 0 7.830675
1 1 0.903896
1 0 5.488937
1 1 1.405228
1 0 2.989365
1 1 17.224621
1 0 5.608064
1 1 0.546110
1 0 0.391817
1 1 2.202098
1 0 13.971070
1 1 9.657523
1 0 4.364971
1 1 1.873340
1 0 7.840909
1 1 1.470192
1 0 7.397077
1 1 0.020793
1 0 0.696766
1 1 0.785272
1 0 1.571172
1 1 14.497748
1 0 3.512069
1 1 7.885849
1 0 1.299380
1 1 3.249680
1 0 0.613326
1 1 5.070603
1 0 3.533009
1 1 0.365265
1 0 2.876334
1 1 0.788878
1 0 0.873127
1 1 3.890422
1 0 7.977087
1 1 1.135421
1 0 11.388801
1 1 12.360871
1 0 2.945050
1 1 3.452317
1 0 0.399577
1 1 0.062753
1 0 3.168788
1 1 5.426112
1 0 3.961635
1 1 4.793179
1 0 6.547034
1 1 3.549829
1 0 0.417319
1 1 0.007192
1 0 3.550944
1 1 2.615120
1 0 1.817498
1 1 0.601607
1 0 1.503853
1 1 5.585702
1 0 0.013560
1 1 6.242232
1 0 0.161474
1 1 0.119575
1 0 0.743055
1 1 2.544396
1 0 5.655973
1 1 6.836884
1 0 15.076066
1 1 0.038077
1 0 0.593877
1 1 0.802582
1 0 5.103995
1 1 4.281392
1 0 2.690607
1 1 1.414671
1 0 0.145234
1 1 1.458913
1 0 1.211565
1 1 4.282118
1 0 4.283067
1 1 0.819875
1 0 1.923531
1 1 5.857989
1 0 8.667643
1 1 2.583253
1 0 0.565201
1 1 23.248971
1 0 3.320973
1 1 4.829211
1 0 2.417821
1 1 10.349524
1 0 2.613512
1 1 3.403609
1 0 0.095782
1 1 3.513070
1 0 0.773058
1 1 16.416659
1 0 2.433940
1 1 0.547556
1 0 3.280007
1 1 1.041248
1 0 1.788302
1 1 1.499524
1 0 1.634141
1 1 0.763755
1 0 0.592573
1 1 2.163901
1 0 3.266333
1 1 0.545068
1 0 4.108422
1 1 5.452482
1 0 5.384202
1 1 1.831656
1 0 1.027455
1 1 5.129063
1 0 4.800846
1 1 0.191005
1 0 1.721270
1 1 1.789697
1 0 0.856099
1 1 1.247913
1 0 5.961403
1 1 1.588959
1 0 5.317975
1 1 2.294051
1 0 2.040112
1 1 5.811427
1 0 1.833842
1 1 4.735900
1 0 1.915811
1 1 16.111111
1 0 0.654680
1 1 1.312471
1 0 8.822640
1 1 3.010129
1 0 2.500000
