3 1 1.229603
6 1 6.834783
5 1 0.747321
4 1 0.069539
1 1 0.504321
6 0 3.447448
3 0 0.874706
2 1 8.375829
3 1 0.675707
6 1 1.915624
1 0 0.040947
5 0 1.439360
6 0 2.149436
6 1 5.196434
5 1 0.584312
3 0 0.938251
5 0 3.697278
3 1 0.950281
4 0 5.091904
6 0 0.693220
2 0 0.056871
3 0 1.695698
1 1 3.061023
5 1 0.075892
4 1 0.304024
3 1 0.431122
2 1 1.200917
6 1 0.452423
1 0 3.682691
5 0 2.765800
3 0 3.083439
6 0 4.278001
1 1 0.500971
1 0 3.179420
3 1 3.460911
4 0 1.709302
1 1 0.984630
4 1 0.867647
4 0 1.783570
1 0 0.064630
3 0 5.335332
6 1 6.120287
6 0 0.775093
6 1 4.175366
2 0 4.607586
5 1 11.497176
3 1 6.454216
6 0 1.264574
6 1 2.950323
3 0 0.190302
5 0 0.186447
3 1 1.993098
5 1 0.977350
3 0 0.866382
6 0 2.371775
2 1 0.554528
3 1 1.956890
1 1 1.247462
3 0 3.347351
3 1 0.723630
6 1 0.704875
1 0 0.617108
3 0 3.133933
3 1 0.258840
3 0 0.114562
4 1 2.485930
1 1 0.263017
5 0 2.239020
5 1 0.065511
1 0 0.115168
4 0 4.653876
4 1 0.308982
1 1 1.558183
1 0 0.169656
2 0 1.063073
1 1 4.824736
6 0 0.254671
5 0 3.423248
2 1 1.362501
5 1 3.401466
2 0 0.036306
3 1 0.060062
4 0 1.767898
2 1 0.278987
4 1 6.168767
6 1 1.009485
1 0 0.897894
2 0 0.930668
3 0 5.684974
4 0 1.129442
6 0 1.695423
3 1 5.860260
6 1 3.568257
1 1 2.813857
1 0 0.090154
5 0 3.705903
5 1 0.214718
3 0 2.046560
6 0 3.087933
6 1 1.511098
6 0 1.469902
5 0 0.700452
5 1 1.539096
6 1 0.195416
2 1 10.608642
6 0 2.520760
5 0 0.647363
4 1 0.129991
2 0 2.748508
6 1 2.404236
1 1 0.172155
2 1 2.758352
6 0 0.125328
2 0 2.734187
5 1 4.173031
3 1 0.311431
3 0 1.030137
1 0 2.805287
3 1 3.835623
2 1 5.234034
4 0 2.574095
1 1 0.135395
4 1 0.425519
2 0 1.334721
6 1 1.069620
2 1 0.742758
1 0 0.513582
4 0 1.899228
5 0 0.429383
5 1 0.600628
4 1 2.042161
2 0 1.112149
6 0 0.980472
3 0 1.525965
4 0 2.302421
4 1 1.493959
5 0 0.058985
2 1 7.674239
6 1 5.598004
2 0 0.905077
1 1 0.063175
6 0 0.696522
6 1 2.029914
1 0 0.586808
3 1 2.352818
1 1 1.844866
3 0 2.170629
2 1 1.228317
6 0 2.320562
1 0 2.113157
5 1 9.084114
4 0 2.500000
