3 1 0.015694
2 1 3.527145
1 1 2.251113
3 0 0.615341
4 1 3.693853
4 0 0.954269
6 1 1.135979
6 0 1.476430
5 1 3.442399
3 1 1.805411
6 1 7.736214
6 0 0.829349
6 1 5.089219
6 0 6.680891
5 0 2.007548
3 0 1.272153
6 1 0.260868
1 0 0.807098
6 0 1.752605
1 1 15.490211
5 1 7.660047
3 1 0.692666
2 0 1.715377
3 0 1.881406
2 1 3.589392
2 0 0.863797
4 1 5.545694
4 0 0.876694
4 1 2.116039
5 0 1.239823
3 1 4.067131
3 0 1.260123
1 0 7.637025
6 1 5.087907
4 0 8.125752
1 1 0.854950
4 1 7.060445
5 1 2.521644
1 0 2.631579
6 0 0.268189
6 1 5.170060
6 0 2.646831
1 1 1.101410
4 0 0.896634
2 1 1.124489
3 1 2.001847
5 0 1.024068
3 0 1.930425
1 0 4.148193
6 1 0.098081
5 1 1.779792
2 0 1.170178
2 1 1.480210
1 1 3.158548
6 0 11.793472
4 1 1.771292
1 0 3.039574
4 0 0.892174
6 1 0.561561
2 0 4.301851
2 1 0.728847
4 1 1.146954
5 0 8.119510
5 1 0.174630
2 0 4.310476
6 0 0.413582
2 1 4.483256
2 0 6.894014
4 0 0.004770
5 0 4.285552
1 1 5.090840
3 1 0.611414
1 0 0.818301
4 1 0.696250
3 0 2.108644
3 1 3.115717
5 1 2.381551
6 1 7.423958
3 0 1.576054
4 0 10.197632
6 0 0.075872
1 1 8.601530
1 0 3.077620
1 1 1.497822
5 0 1.631960
2 1 15.713556
3 1 6.908411
4 1 2.610168
2 0 6.016253
5 1 2.493323
2 1 7.183168
5 0 5.396095
1 0 1.701808
2 0 2.233358
3 0 5.212949
6 1 11.715880
5 1 30.008269
4 0 2.500000
