2 1 2.136350
6 1 0.739294
5 1 0.141942
3 1 0.463202
3 0 0.638287
3 1 2.807112
5 0 0.836540
3 0 0.624675
3 1 0.298513
2 0 3.950518
6 0 2.571779
6 1 0.113551
5 1 1.806452
2 1 2.254544
6 0 0.298385
1 1 0.116202
2 0 0.322875
1 0 0.467884
1 1 5.558395
3 0 0.599797
1 0 0.178367
6 1 0.006704
2 1 0.489819
3 1 0.022628
4 1 0.594782
6 0 0.042489
2 0 0.741902
2 1 0.337055
2 0 0.081272
6 1 0.382948
6 0 0.920092
4 0 2.975136
4 1 0.356353
5 0 0.108799
3 0 0.042163
4 0 0.770664
2 1 0.031519
1 1 0.080633
5 1 0.976141
4 1 0.240675
2 0 0.140782
1 0 4.021482
1 1 2.548449
3 1 0.249553
4 0 0.653893
1 0 0.269711
3 0 2.002115
1 1 1.218744
2 1 0.067763
4 1 2.750671
2 0 0.289980
3 1 1.858773
2 1 0.899434
5 0 2.326126
4 0 1.864850
4 1 2.715021
5 1 0.298629
1 0 0.817813
1 1 0.013126
3 0 0.334955
5 0 0.004449
1 0 0.163479
5 1 3.201863
5 0 1.505834
5 1 0.584021
2 0 1.323199
5 0 1.923382
4 0 0.549350
2 1 0.102863
5 1 0.606011
2 0 0.499619
4 1 1.265889
4 0 0.079765
5 0 0.379046
5 1 1.305533
4 1 0.533562
1 1 1.004249
1 0 0.569850
1 1 0.338825
5 0 0.385071
6 1 1.637023
2 1 1.037052
6 0 1.017851
4 0 1.072009
3 1 0.273941
3 0 0.098241
5 1 1.779596
4 1 0.433573
3 1 0.185599
5 0 0.715418
3 0 0.377041
3 1 1.704176
2 0 0.608088
3 0 0.440481
2 1 0.076634
3 1 0.002518
4 0 0.994244
5 1 3.139247
2 0 4.023269
3 0 0.728817
3 1 0.500011
3 0 3.718783
5 0 1.528462
4 1 0.059941
1 0 0.729522
2 1 0.337794
4 0 0.848066
3 1 1.413683
4 1 0.019283
5 1 0.532868
1 1 2.114529
6 1 0.466982
1 0 0.498414
5 0 2.566431
2 0 1.717232
4 0 0.185951
4 1 0.608539
2 1 0.148240
1 1 0.344753
5 1 2.246390
1 0 0.708021
2 0 0.916115
1 1 1.184297
3 0 0.468898
5 0 1.119595
3 1 0.262251
6 0 0.278118
1 0 0.055350
5 1 1.823719
4 0 0.874894
1 1 0.406294
2 1 0.791594
5 0 2.054356
2 0 2.005243
2 1 0.215200
5 1 0.877438
4 1 1.326279
1 0 1.047289
1 1 1.665325
6 1 1.110649
3 0 0.182732
4 0 1.197238
2 0 0.518462
3 1 0.433742
1 0 2.569756
6 0 0.187026
1 1 1.092967
1 0 0.514463
2 1 0.021297
3 0 1.791735
5 0 0.324431
4 1 0.457016
3 1 3.498778
2 0 0.684800
6 1 0.559359
1 1 0.235911
2 1 2.537067
5 1 1.833902
4 0 0.878866
1 0 0.320364
6 0 0.100301
3 0 0.794587
4 1 0.895661
5 0 1.429874
1 1 0.672764
3 1 0.594232
5 1 1.935653
2 0 0.123978
5 0 0.044445
5 1 0.037814
3 0 0.383466
5 0 0.028678
2 1 1.052373
1 0 0.233070
6 1 2.838534
4 0 2.856452
6 0 0.454351
2 0 0.585898
4 1 3.578293
2 1 0.571647
6 1 0.891566
2 0 1.209990
5 1 0.285444
5 0 0.289998
6 0 0.473955
4 0 0.080567
2 1 0.072355
1 1 0.806070
6 1 0.965141
1 0 2.698863
4 1 0.466262
4 0 3.725858
6 0 1.017742
6 1 0.004610
3 1 0.290135
5 1 0.179941
5 0 1.163278
2 0 0.164870
6 0 1.146223
6 1 0.620591
5 1 0.237412
2 1 0.647282
4 1 0.075666
3 0 0.724023
3 1 6.872641
5 0 0.502419
1 1 0.536124
6 0 2.928897
2 0 0.333417
2 1 0.723442
2 0 0.545535
1 0 0.585370
3 0 2.850571
2 1 2.040760
3 1 0.278434
2 0 0.140881
2 1 2.077889
3 0 2.386575
5 1 1.468308
6 1 2.962334
6 0 0.512081
3 1 0.305433
3 0 1.309240
6 1 0.665616
5 0 0.214370
3 1 0.552746
2 0 0.471010
5 1 0.917024
1 1 0.147000
1 0 0.173142
2 1 1.139327
2 0 1.479776
2 1 1.104376
1 1 0.568304
1 0 2.903126
3 0 0.897640
4 0 0.588282
4 1 1.334315
6 0 0.031075
1 1 0.683980
3 1 0.052741
1 0 0.211494
4 0 0.507687
3 0 1.053557
2 0 1.613503
5 0 0.807344
4 1 0.027504
3 1 1.707449
3 0 0.666254
3 1 0.260754
2 1 0.772208
3 0 0.465565
4 0 0.105216
1 1 0.572132
1 0 0.668537
1 1 0.169773
5 1 3.694695
6 1 1.655560
1 0 1.431095
6 0 1.247811
6 1 0.140923
1 1 1.089586
6 0 0.961021
3 1 1.347451
1 0 0.559101
4 1 0.018746
4 0 0.003235
5 0 0.087780
1 1 6.056103
4 1 1.918748
3 0 0.898945
4 0 0.372232
1 0 1.183098
2 0 0.547237
5 1 0.531628
6 1 1.877764
6 0 0.606508
6 1 0.479614
4 1 2.695562
2 1 1.586187
6 0 0.460090
3 1 8.432159
5 0 1.549704
2 0 0.574565
5 1 4.209586
2 1 0.670800
6 1 2.678015
2 0 1.398987
2 1 1.749237
3 0 2.113096
1 1 0.591494
6 0 0.519063
4 0 0.235877
2 0 0.520780
5 0 2.500000
