2 1 0.468138
5 1 0.058228
4 1 1.072064
3 1 0.685055
5 0 0.056297
6 1 0.010917
1 1 0.053391
2 0 1.154724
2 1 0.420957
4 0 0.267648
2 0 1.738854
1 0 1.547090
4 1 0.166867
4 0 1.149420
4 1 0.076743
4 0 0.613909
6 0 1.868806
2 1 0.194970
5 1 0.212728
2 0 0.171380
5 0 0.373861
6 1 1.039020
3 0 1.343348
4 1 0.118709
6 0 0.061353
1 1 0.818566
3 1 0.472371
1 0 0.886197
3 0 1.066915
1 1 0.978653
1 0 0.824925
3 1 0.855156
2 1 0.497544
6 1 0.094637
1 1 0.480316
3 0 0.104487
2 0 0.251572
1 0 0.960739
6 0 0.049975
2 1 0.842076
4 0 0.348416
1 1 0.137607
2 0 0.092786
1 0 0.550377
1 1 0.158192
5 1 2.535013
4 1 0.019024
1 0 0.121013
3 1 0.827840
1 1 0.922097
3 0 0.880435
4 0 1.191848
1 0 0.751097
1 1 0.006938
2 1 0.296797
4 1 0.094583
4 0 0.641882
3 1 2.188277
4 1 0.010098
2 0 1.288261
1 0 0.096570
1 1 0.499201
6 1 0.529637
5 0 0.045992
5 1 0.243240
2 1 0.943344
4 0 0.020089
4 1 0.299778
5 0 1.272603
2 0 0.604608
2 1 0.613587
6 0 0.045421
1 0 0.363809
3 0 0.533237
2 0 0.472073
5 1 0.391416
2 1 0.710982
6 1 0.065455
4 0 1.570291
5 0 0.059630
4 1 0.093533
3 1 0.030253
2 0 0.021805
4 0 0.158620
2 1 0.715550
5 1 0.720874
4 1 1.037938
6 0 2.028726
6 1 0.630756
3 0 0.873516
1 1 0.255972
4 0 0.888236
1 0 0.739594
1 1 0.323374
1 0 0.353740
6 0 0.226076
4 1 2.026587
3 1 0.010645
2 0 1.853835
1 1 0.028843
3 0 0.075261
5 0 0.495576
2 1 0.272599
1 0 0.513045
5 1 1.236767
3 1 0.182351
5 0 0.545563
1 1 0.545125
6 1 0.360515
6 0 1.412248
2 0 0.252320
5 1 0.117089
6 1 0.119717
3 0 0.270552
1 0 0.790146
1 1 0.197154
1 0 0.291930
6 0 0.376526
5 0 0.512948
2 1 0.680739
6 1 0.833402
2 0 0.346458
6 0 0.687058
6 1 1.109947
3 1 0.155411
5 1 0.454614
3 0 0.598605
3 1 0.322927
6 0 2.600885
2 1 1.322303
1 1 0.666960
2 0 0.122909
3 0 0.587586
1 0 0.396350
5 0 0.958041
3 1 0.883922
6 1 0.112542
3 0 0.184815
3 1 0.335252
3 0 0.260519
4 0 0.494149
4 1 0.145185
2 1 0.298812
5 1 0.208672
2 0 0.125823
5 0 1.389849
1 1 0.307732
6 0 0.589223
3 1 0.199611
6 1 0.356656
4 0 2.223001
1 0 0.882006
5 1 1.694842
4 1 0.202725
4 0 0.086307
2 1 1.610316
6 0 0.009326
3 0 0.471919
5 0 0.307776
1 1 0.129156
3 1 0.485683
4 1 0.118385
1 0 0.018548
1 1 1.724664
1 0 1.169493
6 1 0.136412
6 0 0.098271
1 1 0.280389
1 0 0.032338
5 1 0.450237
6 1 0.955342
4 0 0.059970
1 1 1.056946
2 0 0.166969
2 1 1.036128
1 0 0.902872
3 0 1.838699
6 0 0.000908
6 1 1.118946
1 1 1.819171
1 0 0.521515
5 0 0.273593
2 0 1.082307
4 1 0.704688
3 1 0.611938
5 1 0.731536
5 0 0.115731
4 0 0.009583
1 1 0.275676
5 1 1.294089
5 0 1.094677
3 0 0.660638
3 1 0.264606
1 0 0.433161
6 0 0.242735
2 1 1.143109
5 1 0.076164
3 0 1.956112
6 1 0.056925
4 1 0.082885
1 1 0.040607
3 1 0.308224
3 0 2.212997
3 1 0.108505
5 0 0.363409
1 0 0.448464
6 0 0.645686
2 0 0.016786
5 1 0.509257
5 0 0.313800
5 1 0.811379
1 1 0.374888
1 0 0.990440
6 1 3.236694
4 0 2.084022
1 1 0.090994
4 1 1.222707
2 1 1.229638
5 0 0.895735
6 0 0.892627
1 0 0.136894
2 0 0.615286
4 0 0.373122
5 1 0.620101
2 1 0.474225
1 1 0.264825
2 0 0.052077
6 1 0.889622
2 1 0.768553
3 0 0.295826
6 0 0.048042
6 1 0.242296
2 0 0.036639
4 1 0.223157
3 1 0.057483
1 0 1.006662
4 0 0.611152
4 1 0.309710
3 0 0.753242
2 1 1.377923
2 0 0.171382
2 1 0.011709
5 0 0.622340
3 1 0.490181
1 1 0.144439
6 0 0.342254
4 0 0.156021
4 1 0.190174
4 0 0.769531
2 0 0.579294
1 0 0.518942
1 1 1.596701
6 1 0.088990
5 1 0.383981
3 0 0.109386
5 0 1.471783
2 1 0.800182
4 1 0.143663
2 0 0.910924
4 0 1.384491
6 0 0.556583
4 1 0.040677
3 1 0.297537
4 0 0.907075
5 1 1.119348
4 1 0.552505
2 1 0.051007
3 0 0.775957
1 0 0.035031
4 0 0.595168
6 1 0.589437
4 1 2.056327
1 1 1.701637
2 0 0.059021
4 0 0.112630
3 1 0.788116
5 0 1.369805
6 0 0.735885
2 1 0.331777
5 1 1.584324
2 0 0.598651
4 1 1.343739
2 1 1.098835
5 0 0.171065
1 0 2.296215
1 1 1.381630
5 1 0.396295
3 0 0.538808
5 0 0.153121
1 0 0.548201
5 1 0.507359
1 1 1.033900
5 0 0.269102
2 0 2.124622
6 1 1.105700
5 1 0.244814
4 0 0.580078
3 1 0.467101
1 0 0.475135
5 0 0.326503
6 0 1.153247
4 1 0.173573
1 1 1.579999
4 0 0.125790
2 1 1.110922
3 0 0.298338
1 0 0.598729
1 1 0.607654
6 1 0.190841
5 1 0.372067
6 0 0.486436
1 0 1.071287
5 0 0.244542
4 1 0.047849
2 0 0.699898
6 1 0.359107
6 0 0.105663
6 1 0.062886
2 1 0.051094
5 1 1.283381
3 1 0.022317
4 0 0.207176
1 1 0.514809
6 0 0.008802
5 0 1.252424
3 0 0.213648
2 0 0.562130
3 1 0.188098
2 1 0.268347
2 0 0.383403
3 0 0.839914
1 0 0.041491
3 1 0.492235
5 1 0.642643
4 1 0.245727
3 0 0.606186
3 1 0.422909
2 1 0.565379
3 0 1.555154
5 0 0.226866
6 1 0.305224
6 0 0.382313
1 1 0.194542
1 0 0.344954
4 0 1.164653
6 1 0.494934
6 0 0.060628
4 1 0.459878
4 0 0.598149
4 1 0.575231
3 1 0.026716
3 0 1.114807
1 1 0.592191
6 1 0.512043
5 1 0.915834
5 0 0.567333
6 0 1.152990
2 0 0.787064
4 0 0.324301
5 1 1.128796
2 1 1.163174
2 0 0.226648
1 0 0.831315
4 1 0.157355
3 1 0.318306
4 0 0.321207
5 0 1.019253
5 1 0.060561
3 0 1.364221
1 1 0.255827
2 1 0.939797
1 0 0.542827
6 1 0.312830
6 0 0.537469
1 1 0.088076
4 1 0.135048
4 0 0.273469
2 0 0.738111
6 1 0.186901
1 0 0.326938
5 0 0.392164
4 1 0.051507
3 1 0.230792
5 1 0.810781
5 0 0.667864
5 1 2.621515
2 1 0.250593
2 0 1.062883
3 0 0.039998
5 0 1.462932
4 0 0.350899
2 1 0.412780
4 1 0.165738
6 0 1.425414
6 1 0.018722
5 1 0.078375
4 0 0.363744
2 0 0.000311
3 1 0.154658
5 0 1.898518
4 1 1.173748
5 1 0.019265
6 0 2.225366
5 0 0.565472
2 1 0.443709
3 0 0.444427
5 1 0.159468
5 0 0.492511
4 0 1.621886
3 1 0.201983
3 0 0.101873
5 1 0.079387
1 1 1.727215
5 0 1.801604
6 1 0.009378
3 1 0.392106
1 0 0.039129
5 1 0.302723
5 0 0.072948
1 1 0.512868
5 1 0.828461
3 0 0.144245
2 0 1.855712
3 1 1.237196
1 0 0.106694
3 0 0.656718
6 0 1.167771
4 1 0.131615
1 1 0.963201
5 0 0.730524
3 1 0.609384
3 0 0.331418
3 1 1.146257
3 0 0.484271
6 1 0.580342
1 0 0.843415
4 0 0.398113
2 1 0.796200
2 0 0.968285
5 1 0.069502
2 1 0.872641
3 1 0.908527
3 0 0.060991
4 1 0.439323
6 0 1.386942
4 0 0.022626
6 1 0.033372
4 1 1.095271
6 0 0.422099
1 1 0.339189
5 0 0.943797
2 0 0.197452
5 1 0.245746
2 1 0.262847
6 1 1.254588
2 0 0.539716
1 0 0.542240
3 1 0.029550
6 0 0.233309
1 1 0.076015
1 0 0.115302
4 0 0.145088
2 1 0.038661
2 0 0.294996
1 1 0.634379
4 1 0.306757
6 1 0.058599
6 0 0.117316
4 0 0.686380
3 0 0.873613
5 0 0.068827
5 1 0.074935
6 1 0.955302
3 1 0.341761
5 0 0.000341
4 1 0.742863
6 0 0.320098
3 0 0.060720
6 1 2.242609
6 0 1.532004
3 1 0.899789
1 0 0.366274
3 0 0.478358
3 1 0.318865
5 1 0.396001
4 0 0.215218
5 0 0.162980
6 1 0.175226
6 0 0.041625
5 1 0.156364
5 0 0.086927
4 1 0.952879
2 1 0.991532
1 1 0.212932
5 1 0.807742
4 0 0.034620
6 1 1.382873
2 0 0.073526
5 0 0.576634
6 0 1.312559
6 1 0.890815
2 1 0.481805
1 0 0.177223
6 0 1.495785
2 0 0.596335
3 0 1.402931
5 1 0.181653
4 1 0.731337
1 1 1.751635
5 0 0.030703
6 1 3.817480
3 1 1.430604
2 1 2.500000
