3 1 0.227860
3 0 0.226005
5 1 0.485776
4 1 0.155806
4 0 4.083223
4 1 0.030559
4 0 0.034423
5 0 0.422911
5 1 0.858420
5 0 0.256212
1 1 0.290646
6 1 0.115648
2 1 1.172851
4 1 0.771578
5 1 0.200979
2 0 0.487932
2 1 0.008889
2 0 0.738102
6 0 0.092012
1 0 0.240210
6 1 0.186145
1 1 0.355658
6 0 1.387244
1 0 0.234378
4 0 1.220175
4 1 0.081051
4 0 0.239235
3 1 0.524717
1 1 0.053751
3 0 0.603370
4 1 0.191122
3 1 0.008602
3 0 1.672967
1 0 0.768605
1 1 1.274309
1 0 0.723916
3 1 0.251638
3 0 0.281331
1 1 1.048173
3 1 2.047693
4 0 2.059089
2 1 0.323708
1 0 0.571638
4 1 0.938761
2 0 0.447769
2 1 0.285772
2 0 0.077820
3 0 0.193613
1 1 0.232578
2 1 0.387345
2 0 0.031238
6 1 0.847118
2 1 0.490759
6 0 0.060040
1 0 0.597480
6 1 0.792466
4 0 0.315866
3 1 0.808176
3 0 0.425843
1 1 0.222995
3 1 0.086152
5 0 1.566392
6 0 0.324043
1 0 0.642936
4 1 0.091074
2 0 2.025791
2 1 0.455339
1 1 0.596531
5 1 0.159848
1 0 0.834699
3 0 2.037078
1 1 0.229530
3 1 0.624541
5 0 0.166831
1 0 0.052653
6 1 0.179508
2 0 0.010444
5 1 0.544530
2 1 0.224136
2 0 0.624991
4 0 0.132572
5 0 0.177661
4 1 0.249585
1 1 0.445107
4 0 0.502396
1 0 0.193426
1 1 0.426823
3 0 0.241328
3 1 0.052606
6 0 1.118249
5 1 0.138655
1 0 0.284932
4 1 0.020937
1 1 0.530634
4 0 0.185079
2 1 0.370786
2 0 0.291881
4 1 0.421518
3 0 0.461049
3 1 0.542539
4 0 0.525237
5 0 0.599086
2 1 0.639321
1 0 0.406706
1 1 0.290624
6 1 0.332530
4 1 0.226784
5 1 0.303577
5 0 0.176587
3 0 0.056955
5 1 0.333156
3 1 0.116295
2 0 0.632869
6 0 0.965534
5 0 0.259220
4 0 1.138424
5 1 0.247303
6 1 0.668551
2 1 0.072728
5 0 0.352367
2 0 0.556383
3 0 0.340847
2 1 0.407130
1 0 0.078517
3 1 0.416070
6 0 0.360525
6 1 1.147496
2 0 0.291944
1 1 0.737053
2 1 0.171835
2 0 0.250194
6 0 0.024967
4 1 3.221668
4 0 0.531315
6 1 1.215923
2 1 0.053533
4 1 1.042245
5 1 0.890559
3 0 0.393214
4 0 0.376735
5 0 0.557968
3 1 0.378709
4 1 0.531477
2 0 0.792686
3 0 0.289643
1 0 0.252181
2 1 0.133408
4 0 0.252949
1 1 0.250949
2 0 0.111915
4 1 0.363767
2 1 1.210502
6 0 0.065918
3 1 1.486603
2 0 1.667944
1 0 0.856067
5 1 0.477245
6 1 0.157897
3 0 0.698988
3 1 0.008540
4 0 1.241805
5 0 1.063660
4 1 0.303469
2 1 0.590635
1 1 0.226673
6 0 0.095128
5 1 0.367921
4 0 1.886072
3 0 2.145305
3 1 0.396691
1 0 0.599114
4 1 0.507838
1 1 0.751292
2 0 0.217224
4 0 2.843835
2 1 0.562947
2 0 0.221390
6 1 0.031966
1 0 0.834109
5 0 0.194063
6 0 2.602759
1 1 0.732517
2 1 0.058071
1 0 0.645148
2 0 0.146080
4 1 1.124708
2 1 0.156613
1 1 0.284697
1 0 0.090347
4 0 0.062820
3 0 0.451878
4 1 1.646988
5 1 0.237271
5 0 0.196826
4 0 1.684450
5 1 0.785148
4 1 0.033609
3 1 2.169394
3 0 0.020694
5 0 0.508709
3 1 0.661421
1 1 0.324672
6 1 1.478364
6 0 0.059082
5 1 0.079143
2 0 0.375190
4 0 0.168718
1 0 0.179341
2 1 0.241799
2 0 1.253373
1 1 0.332160
6 1 0.540388
2 1 0.182123
3 0 0.362401
2 0 0.295361
1 0 0.277274
3 1 0.304149
1 1 0.804407
3 0 0.268186
5 0 1.137262
6 0 1.281018
6 1 1.721930
2 1 0.824165
2 0 0.175100
1 0 0.056398
2 1 0.291309
4 1 0.212017
5 1 0.045893
2 0 0.088895
6 0 0.489680
4 0 0.684068
4 1 1.742492
1 1 0.091571
5 0 0.951432
2 1 0.039615
3 1 0.851955
4 0 1.295099
3 0 0.087080
3 1 0.047054
5 1 0.519520
6 1 0.210413
5 0 1.588348
2 0 0.074539
6 0 0.497193
5 1 1.376722
2 1 0.787113
4 1 0.134622
5 0 1.320180
3 0 0.526845
2 0 0.363470
3 1 0.401645
6 1 0.194993
4 0 0.176807
6 0 0.386183
4 1 0.186078
3 0 0.330644
4 0 0.167656
2 1 0.018345
2 0 0.128432
6 1 0.495535
6 0 0.412860
4 1 0.008231
3 1 0.113797
4 0 0.175692
4 1 0.102244
6 1 0.073376
2 1 0.170001
2 0 0.338881
5 1 0.060986
6 0 0.300804
5 0 0.751937
3 0 0.319339
6 1 0.109819
5 1 0.255577
2 1 0.284820
5 0 0.375449
6 0 0.352675
3 1 0.534428
5 1 0.048641
5 0 0.061251
5 1 0.122011
6 1 0.244243
1 0 0.150385
1 1 0.303071
2 0 0.495476
1 0 0.278290
2 1 0.318602
3 0 0.260942
1 1 0.235842
4 0 0.071488
2 0 1.051091
6 0 0.177684
4 1 0.447923
5 0 0.766508
2 1 0.503203
6 1 0.142361
5 1 0.264432
6 0 0.072459
4 0 0.614472
5 0 1.575299
1 0 0.515141
5 1 0.488163
5 0 0.534620
3 1 1.617380
1 1 2.090180
3 0 0.394676
2 0 0.300795
4 1 0.030079
5 1 0.293441
4 0 0.199775
6 1 0.513547
3 1 1.370275
3 0 0.012511
4 1 0.180705
6 0 0.021994
3 1 0.067445
3 0 0.189246
1 0 0.319630
4 0 1.779552
1 1 0.134827
6 1 0.301840
6 0 0.200492
1 0 0.673665
5 0 0.511077
6 1 0.051328
6 0 0.136407
1 1 0.008706
2 1 0.676993
2 0 0.434451
1 0 0.350847
6 1 0.481396
2 1 0.039392
6 0 0.469242
1 1 0.347196
3 1 0.599725
1 0 0.453007
1 1 0.185939
3 0 0.217541
6 1 0.368555
4 1 0.628606
1 0 0.303943
3 1 0.518581
6 0 1.722216
3 0 0.839653
4 0 1.287417
4 1 0.462745
1 1 0.506499
3 1 0.340834
6 1 0.821671
1 0 0.182003
2 0 0.361261
6 0 0.113234
6 1 0.410667
3 0 0.870048
2 1 0.326812
3 1 0.123575
3 0 0.150899
6 0 0.385054
2 0 0.983325
4 0 0.835940
6 1 0.137905
5 1 0.371840
4 1 0.179049
1 1 0.004483
6 0 0.291494
1 0 2.388954
4 0 0.800902
4 1 0.616824
2 1 0.107849
3 1 0.554249
4 0 0.123659
3 0 0.193576
5 0 1.385381
3 1 0.275699
3 0 0.220095
5 1 0.176036
6 1 0.380776
6 0 0.135798
4 1 0.318727
1 1 0.716608
2 0 0.288364
5 0 0.340023
2 1 1.904391
1 0 0.043619
4 0 0.573821
5 1 1.013549
1 1 0.762258
3 1 0.885570
4 1 0.253647
4 0 0.330362
1 0 0.159934
2 0 0.102463
5 0 0.274570
2 1 0.112579
1 1 0.125993
2 0 1.248133
4 1 0.186483
3 0 0.339624
1 0 1.919858
4 0 2.367747
4 1 0.156713
1 1 0.012103
4 0 1.017545
1 0 1.070282
6 1 2.009516
3 1 0.001537
6 0 0.455543
4 1 0.375320
4 0 0.332911
6 1 0.889464
3 0 0.584263
1 1 0.118323
2 1 0.087843
3 1 0.028928
6 0 1.020027
1 0 1.191529
6 1 0.175672
1 1 0.421263
2 0 0.394055
5 1 0.555605
3 0 0.057205
5 0 1.346284
5 1 0.463415
6 0 1.180264
1 0 0.344324
6 1 0.272556
6 0 0.146055
5 0 0.594976
2 1 0.065087
3 1 0.339783
6 1 0.164213
6 0 0.980769
4 1 0.297470
2 0 1.532052
3 0 0.256358
5 1 0.113847
1 1 0.542916
5 0 0.478254
4 0 0.102607
5 1 0.479835
5 0 0.217170
4 1 0.182939
3 1 0.913937
3 0 0.837057
6 1 0.131558
5 1 0.089217
5 0 0.518621
5 1 0.444254
3 1 0.017671
2 1 0.076539
4 0 0.348365
1 0 0.387763
6 0 0.703760
4 1 1.348870
3 0 0.297860
3 1 0.106080
3 0 0.622639
4 0 0.771729
3 1 1.460526
1 1 1.046071
5 0 0.260790
6 1 1.819467
6 0 0.461595
2 0 0.207314
2 1 0.086458
2 0 0.363108
6 1 0.368823
3 0 0.173758
1 0 0.138261
1 1 0.431941
5 1 0.604253
5 0 0.094123
3 1 0.882964
2 1 1.319213
2 0 0.409172
5 1 0.267654
3 0 0.026536
3 1 1.026773
6 0 0.754779
6 1 0.212958
5 0 0.149033
5 1 0.106865
5 0 0.322959
4 1 0.479563
5 1 0.693696
3 0 0.363816
4 0 0.427108
6 0 0.177971
5 0 0.074713
3 1 0.069070
6 1 0.119679
5 1 0.656105
4 1 1.030457
3 0 0.264582
4 0 0.155830
5 0 0.277752
2 1 1.023173
1 0 0.014717
6 0 0.115527
1 1 1.625521
4 1 1.454816
3 1 0.478168
2 0 0.186934
4 0 0.210472
5 1 0.240075
3 0 0.611885
4 1 0.357018
4 0 2.153617
5 0 0.954098
6 1 2.693673
5 1 0.018418
1 0 0.087945
1 1 1.642222
5 0 0.107346
6 0 0.333799
3 1 0.088987
2 1 0.618009
4 1 0.845696
1 0 0.805455
2 0 1.127198
1 1 0.444320
1 0 0.328089
1 1 0.813635
3 0 2.067601
6 1 0.152632
6 0 0.355148
5 1 0.017530
4 0 0.383274
2 1 0.026193
2 0 0.883884
4 1 0.297961
1 0 0.509323
4 0 0.036342
4 1 0.697612
1 1 0.127353
2 1 0.054347
1 0 0.073778
1 1 0.008838
2 0 0.967868
2 1 1.629573
2 0 0.970451
3 1 0.366362
3 0 0.510313
2 1 0.013482
3 1 0.447426
5 0 0.363138
4 0 0.222751
2 0 1.178471
1 0 1.626652
4 1 0.568724
6 1 0.604941
4 0 0.808479
5 1 0.161981
5 0 0.424705
3 0 0.203430
5 1 0.763885
1 1 0.261661
5 0 0.090618
5 1 0.004723
5 0 0.037874
5 1 0.179073
4 1 0.302924
1 0 0.137505
4 0 0.690068
3 1 1.825265
6 0 1.177910
4 1 1.376885
5 0 0.127223
5 1 1.847798
3 0 0.054239
5 0 1.422637
2 1 0.359725
1 1 0.853015
4 0 5.948338
6 1 2.500000
