4 1 3.387467
2 1 1.789346
6 1 0.837580
2 0 1.576374
4 0 10.119230
3 1 0.386650
5 1 3.736962
6 0 0.098478
1 1 0.131152
5 0 0.140611
4 1 3.876998
2 1 1.996947
6 1 0.247125
4 0 3.494305
4 1 4.237657
2 0 8.989580
5 1 3.095952
2 1 0.148851
4 0 5.508265
4 1 2.293924
3 0 1.570873
3 1 2.497799
3 0 4.109095
2 0 2.630634
2 1 0.264939
2 0 6.901875
3 1 0.113073
2 1 3.475878
4 0 0.632443
4 1 5.098691
4 0 5.619285
1 0 4.207088
6 0 2.429924
1 1 0.094950
5 0 2.442994
6 1 1.614834
2 0 0.919595
3 0 4.823576
1 0 2.631721
5 1 0.978262
5 0 1.092586
4 1 2.020585
6 0 1.097051
3 1 9.102694
4 0 4.045493
3 0 0.095909
1 1 2.631752
5 1 0.086271
4 1 1.089090
4 0 0.816904
2 1 0.026164
3 1 6.420053
5 0 1.725500
2 0 0.553500
4 1 4.804489
3 0 0.740888
3 1 1.381976
3 0 0.087357
4 0 0.659727
3 1 3.594334
1 0 1.512823
4 1 0.282810
5 1 0.915871
4 0 2.162868
2 1 7.107270
6 1 0.343721
3 0 12.290106
2 0 0.886636
6 0 5.004683
6 1 0.374064
3 1 0.006682
4 1 0.848204
6 0 0.241701
6 1 0.250771
6 0 0.456357
3 0 0.891937
2 1 0.293806
6 1 2.104476
1 1 0.058722
6 0 3.329146
6 1 5.056232
4 0 3.776147
6 0 2.756847
1 0 5.112450
5 0 0.027755
3 1 3.163384
2 0 1.992408
6 1 0.619424
4 1 3.206410
2 1 1.375257
5 1 0.899766
4 0 1.736418
4 1 0.212804
5 0 10.466919
4 0 3.238358
4 1 3.591364
3 0 2.968286
5 1 2.624054
6 0 4.201683
3 1 1.489637
3 0 0.664169
6 1 1.253494
4 0 0.939852
6 0 7.657665
2 0 0.373334
4 1 2.761262
3 1 8.594422
6 1 2.612374
6 0 0.202901
4 0 0.832264
1 1 0.801087
4 1 5.870769
4 0 0.923147
1 0 1.900795
4 1 1.265984
3 0 1.255361
5 0 6.623230
1 1 14.384397
5 1 2.294389
2 1 0.980316
1 0 2.393290
6 1 3.900046
4 0 6.293129
3 1 2.500000
