6 1 0.408281
2 1 0.845395
1 1 0.868022
4 1 0.480934
2 0 0.120225
6 0 0.815930
3 1 0.375742
5 1 0.289792
3 0 1.908386
4 0 1.377137
2 1 0.002875
3 1 0.290145
3 0 2.226360
4 1 0.023005
3 1 0.216135
3 0 0.207827
5 0 0.287573
1 0 1.328326
4 0 0.752243
1 1 0.552728
4 1 2.392192
2 0 0.338242
1 0 0.136987
1 1 1.124758
3 1 1.036920
1 0 0.171425
5 1 0.045473
4 0 0.703087
3 0 0.193666
1 1 0.039544
5 0 0.450103
2 1 0.675976
4 1 2.415154
6 1 0.369741
1 0 0.187955
2 0 0.121834
5 1 0.595208
5 0 0.693551
4 0 0.462793
3 1 0.397504
4 1 0.914107
4 0 0.677300
3 0 0.141866
1 1 0.959958
1 0 0.445819
5 1 0.270564
3 1 1.042014
5 0 3.266762
4 1 0.018652
6 0 0.567965
2 1 0.170414
6 1 0.597928
5 1 1.062786
5 0 0.025450
4 0 0.785762
2 0 0.593465
5 1 0.559899
6 0 0.765158
4 1 0.077789
6 1 2.165924
1 1 0.830377
4 0 0.473160
5 0 0.223489
4 1 0.214775
3 0 1.527915
2 1 2.381784
6 0 2.395724
2 0 0.124100
4 0 0.407052
3 1 0.041522
6 1 0.345586
5 1 1.115122
1 0 0.060913
5 0 0.260131
5 1 0.343531
2 1 0.185819
6 0 2.967679
4 1 2.083308
5 0 0.076041
3 0 1.582632
2 0 0.334288
5 1 0.101668
3 1 0.765089
1 1 0.080602
3 0 3.172965
5 0 0.910604
5 1 0.531862
1 0 0.284701
2 1 0.428719
3 1 0.068987
5 0 0.140936
1 1 0.071749
4 0 0.310284
4 1 0.647020
3 0 0.065681
1 0 0.680318
2 0 0.795229
4 0 0.421525
3 1 0.689612
6 1 2.432996
6 0 0.131308
4 1 2.164160
2 1 0.072614
4 0 0.317789
5 1 0.575238
2 0 0.087443
2 1 0.079932
5 0 0.050897
5 1 1.441020
2 0 0.154473
6 1 0.330660
4 1 1.397389
5 0 0.614902
5 1 0.162347
4 0 1.428088
1 1 1.064485
5 0 0.185012
2 1 0.367494
4 1 1.635257
4 0 0.685927
2 0 0.652565
1 0 1.907204
4 1 0.031576
4 0 1.265171
1 1 2.599439
5 1 0.698106
6 0 1.078206
1 0 0.715512
3 0 1.244373
4 1 0.141538
1 1 0.391511
6 1 0.413624
2 1 0.345027
3 1 0.146852
2 0 0.641135
2 1 0.388138
1 0 0.617790
2 0 1.228808
5 0 1.726887
3 0 0.438742
3 1 2.143053
1 1 0.147969
6 0 0.038614
5 1 0.997315
2 1 0.449732
5 0 0.958322
5 1 0.016047
4 0 1.162798
5 0 0.014482
2 0 0.415408
1 0 5.290394
5 1 1.131339
6 1 2.004858
5 0 1.030866
4 1 4.875964
6 0 4.219574
2 1 1.916065
5 1 0.369672
1 1 0.080323
1 0 1.909221
2 0 0.405569
4 0 0.702717
6 1 3.555071
3 0 0.266741
4 1 0.882155
2 1 1.222293
1 1 1.484904
3 1 0.080770
5 0 0.340528
4 0 0.495670
6 0 3.369027
3 0 1.163425
4 1 0.960106
2 0 0.389074
4 0 1.360088
3 1 0.966813
4 1 0.338974
3 0 0.262008
1 0 0.319045
5 1 0.373954
4 0 0.347535
4 1 0.138188
4 0 1.078555
5 0 2.681526
1 1 0.352623
2 1 0.105264
3 1 0.374787
5 1 0.837232
3 0 0.355134
6 1 2.269093
6 0 0.196347
4 1 0.165410
2 0 0.774712
3 1 2.663851
1 0 1.049504
5 0 1.481779
6 1 1.038654
1 1 0.995495
5 1 1.059792
6 0 0.641737
4 0 1.176307
6 1 0.633808
4 1 0.294479
2 1 0.599885
1 0 0.247892
1 1 0.415104
1 0 1.283415
6 0 0.020150
2 0 3.052392
3 0 0.047420
6 1 0.093587
5 0 0.571891
2 1 1.812392
2 0 1.568477
6 0 0.215699
2 1 1.609101
4 0 0.633826
2 0 2.137532
3 1 0.446577
4 1 1.183749
3 0 0.041674
1 1 1.520019
1 0 0.425703
4 0 0.747492
4 1 1.003277
3 1 0.475451
6 1 0.111601
5 1 0.808404
5 0 1.220811
4 0 1.422289
6 0 0.250999
5 1 0.096973
1 1 0.267984
5 0 0.179033
6 1 0.673790
6 0 0.954414
5 1 0.818443
4 1 1.410194
1 0 0.470996
5 0 0.110529
4 0 0.123794
3 0 0.063846
2 1 0.722230
5 1 0.587162
4 1 0.057610
5 0 0.055752
5 1 0.816658
1 1 0.294840
1 0 0.054750
6 1 1.989519
4 0 0.735171
3 1 1.584992
1 1 0.085464
1 0 0.822471
3 0 2.053796
4 1 0.568595
6 0 2.550811
1 1 0.304018
6 1 0.098476
2 0 1.373039
1 0 0.757485
6 0 0.551718
3 1 0.720582
1 1 0.795584
3 0 1.505021
2 1 0.260362
4 0 0.528058
1 0 0.011673
6 1 1.785252
1 1 0.346409
4 1 0.234490
2 0 1.447467
1 0 0.672366
2 1 0.285466
3 1 0.430926
3 0 2.697613
6 0 0.267357
6 1 0.658596
4 0 0.147152
2 0 0.992369
2 1 1.653930
2 0 0.147059
3 1 0.012204
2 1 0.661102
1 1 0.662824
3 0 1.837897
2 0 4.382059
5 0 0.722594
5 1 0.512756
2 1 0.110298
6 0 0.773387
3 1 1.054049
5 0 0.050503
5 1 0.171695
1 0 0.004600
1 1 1.670013
4 1 1.350017
5 0 0.055613
4 0 1.876204
3 0 1.742996
5 1 1.107302
5 0 1.024774
1 0 0.247650
2 0 0.106502
6 1 0.972459
4 1 1.384670
2 1 1.249991
2 0 1.443018
4 0 0.966431
5 1 0.904884
4 1 0.827572
3 1 0.154660
2 1 1.597713
5 0 0.256797
6 0 0.265272
5 1 0.481979
3 0 1.534994
4 0 0.368650
3 1 0.384251
5 0 0.777415
4 1 0.063624
5 1 1.514721
5 0 0.280242
3 0 1.333596
1 1 1.058450
5 1 0.397419
4 0 0.504375
6 1 0.928147
1 0 0.047776
3 1 0.198777
2 0 0.224183
4 1 0.157837
1 1 0.825734
6 0 0.770977
4 0 0.019338
3 0 0.392497
1 0 1.595346
6 1 0.184431
3 1 0.750374
5 0 1.136787
4 1 0.048386
3 0 0.506550
2 1 0.337481
5 1 1.420430
3 1 0.281931
3 0 2.030552
1 1 4.985924
1 0 0.308854
2 0 0.503332
3 1 1.717513
3 0 0.562530
6 0 0.356399
6 1 0.248109
5 0 0.178023
1 1 0.092664
1 0 1.063933
6 0 1.007726
5 1 0.512404
6 1 0.104277
2 1 1.453746
5 0 1.575254
5 1 0.059672
3 1 0.311153
4 0 0.207621
5 0 0.089276
5 1 0.407214
2 0 0.905918
5 0 1.578341
1 1 0.717160
2 1 0.415680
5 1 1.209121
4 1 4.756670
6 0 0.028383
3 0 2.500000
