1 1 0.400000
3 1 2.500000
1 0 0.400000
3 0 2.500000
2 1 0.400000
3 1 2.500000
2 0 0.400000
1 1 2.500000
3 0 0.400000
1 0 2.500000
2 1 0.400000
1 1 2.500000
2 0 0.400000
1 0 2.500000
2 1 0.400000
3 1 2.500000
1 1 0.400000
3 0 2.500000
1 0 0.400000
2 0 2.500000
1 1 0.400000
3 1 2.500000
1 0 0.400000
3 0 2.500000
1 1 0.400000
2 1 2.500000
1 0 0.400000
3 1 2.500000
2 0 0.400000
3 0 2.500000
2 1 0.400000
1 1 2.500000
3 1 0.400000
2 0 2.500000
3 0 0.400000
1 0 2.500000
3 1 0.400000
1 1 2.500000
3 0 0.400000
2 1 2.500000
3 1 0.400000
1 0 2.500000
3 0 0.400000
1 1 2.500000
2 0 0.400000
3 1 2.500000
2 1 0.400000
3 0 2.500000
1 0 0.400000
2 0 2.500000
3 1 0.400000
2 1 2.500000
3 0 0.400000
1 1 2.500000
2 0 0.400000
1 0 2.500000
2 1 0.400000
3 1 2.500000
2 0 0.400000
1 1 2.500000
3 0 0.400000
1 0 2.500000
3 1 0.400000
1 1 2.500000
2 1 0.400000
3 0 2.500000
1 0 0.400000
3 1 2.500000
1 1 0.400000
2 0 2.500000
1 0 0.400000
3 0 2.500000
2 1 0.400000
1 1 2.500000
3 1 0.400000
2 0 2.500000
3 0 0.400000
1 0 2.500000
3 1 0.400000
1 1 2.500000
3 0 0.400000
1 0 2.500000
2 1 0.400000
1 1 2.500000
3 1 0.400000
2 0 2.500000
3 0 0.400000
1 0 2.500000
3 1 0.400000
1 1 2.500000
3 0 0.400000
2 1 2.500000
3 1 0.400000
1 0 2.500000
2 0 0.400000
3 0 2.500000
2 1 0.400000
1 1 2.500000
3 1 0.400000
1 0 2.500000
3 0 0.400000
1 1 2.500000
3 1 0.400000
2 0 2.500000
3 0 0.400000
1 0 2.500000
2 1 0.400000
1 1 2.500000
2 0 0.400000
1 0 2.500000
2 1 0.400000
1 1 2.500000
3 1 0.400000
2 0 2.500000
3 0 0.400000
2 1 2.500000
3 1 0.400000
2 0 2.500000
1 0 0.400000
3 0 2.500000
1 1 0.400000
3 1 2.500000
1 0 0.400000
3 0 2.500000
1 1 0.400000
3 1 2.500000
1 0 0.400000
3 0 2.500000
2 1 0.400000
3 1 2.500000
1 1 0.400000
2 0 2.500000
3 0 0.400000
1 0 2.500000
3 1 0.400000
1 1 2.500000
3 0 0.400000
2 1 2.500000
3 1 0.400000
1 0 2.500000
2 0 0.400000
3 0 2.500000
1 1 0.400000
3 1 2.500000
1 0 0.400000
3 0 2.500000
1 1 0.400000
2 1 2.500000
3 1 0.400000
1 0 2.500000
3 0 0.400000
2 0 2.500000
1 1 0.400000
2 1 2.500000
1 0 0.400000
2 0 2.500000
1 1 0.400000
3 1 2.500000
2 1 0.400000
1 0 2.500000
3 0 0.400000
1 1 2.500000
2 0 0.400000
1 0 2.500000
2 1 0.400000
3 1 2.500000
2 0 0.400000
1 1 2.500000
3 0 0.400000
1 0 2.500000
2 1 0.400000
3 1 2.500000
2 0 0.400000
1 1 2.500000
2 1 0.400000
3 0 2.500000
1 0 0.400000
3 1 2.500000
1 1 0.400000
2 0 2.500000
1 0 0.400000
3 0 2.500000
2 1 0.400000
3 1 2.500000
1 1 0.400000
2 0 2.500000
3 0 0.400000
2 1 2.500000
3 1 0.400000
1 0 2.500000
3 0 0.400000
1 1 2.500000
3 1 0.400000
2 0 2.500000
3 0 0.400000
2 1 2.500000
1 0 0.400000
3 1 2.500000
2 0 0.400000
3 0 2.500000
