3 1 0.428723
3 0 1.652472
3 1 0.678570
1 1 1.685849
6 1 0.689328
4 1 0.389546
5 1 0.617239
2 1 0.078048
4 0 1.463329
2 0 0.865454
6 0 1.404565
5 0 3.426881
1 0 0.210107
1 1 0.338623
1 0 0.956831
3 0 3.302936
1 1 0.745698
5 1 1.874665
6 1 2.936642
6 0 0.223372
6 1 0.107493
5 0 2.850864
5 1 0.388875
3 1 0.139947
4 1 1.461721
1 0 2.047440
1 1 1.672170
1 0 0.716193
2 1 1.186333
3 0 2.502898
1 1 1.071114
1 0 0.325527
6 0 0.741487
1 1 0.388021
4 0 0.828981
3 1 0.875052
2 0 0.017729
5 0 0.404306
2 1 0.855199
1 0 0.203036
2 0 0.172255
3 0 0.998568
3 1 0.093230
1 1 1.409022
3 0 0.066161
6 1 2.083925
3 1 0.898100
1 0 0.836151
6 0 0.338814
4 1 0.304526
4 0 0.018703
4 1 0.010570
1 1 0.293804
4 0 0.248611
4 1 0.116506
1 0 0.267344
1 1 1.086596
3 0 0.711012
5 1 1.429125
6 1 0.371489
6 0 1.961829
6 1 1.142725
3 1 0.681096
6 0 1.135618
4 0 1.550248
6 1 0.228929
3 0 1.882877
1 0 1.017604
5 0 0.214399
3 1 1.094293
2 1 0.209991
2 0 0.270170
1 1 1.602983
4 1 0.126408
1 0 3.529576
2 1 2.091827
4 0 0.796923
4 1 0.250545
4 0 0.839569
2 0 1.874676
2 1 0.051591
4 1 0.501991
1 1 1.075052
5 1 1.923249
2 0 0.101397
2 1 0.307278
5 0 0.069443
6 0 0.201532
3 0 0.505442
3 1 0.691482
1 0 1.264141
6 1 0.720869
2 0 0.102921
5 1 0.202592
4 0 1.092190
5 0 0.297446
3 0 0.970295
2 1 2.735601
1 1 0.741175
6 0 0.752947
5 1 2.302982
2 0 0.106944
2 1 0.726018
2 0 0.195377
5 0 0.154940
1 0 2.314447
1 1 1.859519
4 1 2.795764
3 1 0.694477
5 1 1.846352
6 1 1.050196
1 0 0.103748
5 0 0.545515
5 1 0.171556
1 1 1.693973
2 1 0.317740
3 0 0.369260
4 0 0.801115
5 0 0.089275
5 1 0.468089
1 0 0.419222
4 1 0.130921
1 1 0.269509
2 0 0.827821
2 1 0.313957
3 1 0.756849
4 0 2.106918
2 0 0.150520
3 0 0.156942
1 0 1.295189
2 1 0.063424
3 1 0.042730
4 1 1.064388
4 0 0.573275
2 0 0.799241
3 0 0.499785
6 0 0.617878
6 1 0.958980
1 1 0.455544
3 1 0.672887
4 1 1.067689
1 0 1.550381
3 0 0.120633
1 1 0.576076
1 0 2.850275
6 0 0.627208
4 0 1.620306
2 1 1.573467
4 1 0.112360
3 1 0.286963
6 1 0.735574
2 0 0.313128
5 0 0.175756
3 0 0.119544
2 1 0.938684
4 0 2.846390
3 1 0.549676
6 0 0.018151
5 1 2.231171
2 0 1.656031
1 1 0.067398
3 0 0.157748
5 0 1.239089
1 0 0.780788
5 1 0.368182
2 1 1.480779
6 1 0.372230
5 0 0.044006
5 1 7.042685
2 0 0.552036
6 0 0.066687
1 1 0.221235
5 0 0.218631
3 1 0.556447
2 1 0.101103
1 0 0.375351
3 0 0.604647
6 1 1.718802
5 1 1.008423
4 1 1.617967
2 0 0.244257
2 1 2.942271
2 0 3.036018
3 1 0.718565
1 1 0.875865
3 0 1.607366
2 1 1.771845
1 0 1.050623
1 1 0.624558
6 0 1.424090
6 1 0.049839
5 0 1.184694
1 0 2.675768
4 0 0.626549
2 0 2.842949
6 0 0.951654
5 1 0.098484
6 1 0.536764
1 1 2.771949
3 1 0.310130
5 0 0.727322
6 0 0.580893
3 0 1.700693
1 0 1.299423
5 1 2.460897
1 1 0.382709
1 0 0.446506
3 1 0.295547
2 1 1.355087
4 1 0.206236
6 1 1.652553
2 0 0.336746
5 0 0.814555
3 0 2.460001
1 1 2.679526
1 0 1.126805
6 0 0.578673
2 1 3.230031
2 0 0.868177
5 1 2.267847
6 1 0.027499
6 0 0.246124
4 0 3.894618
5 0 0.773449
3 1 0.279542
5 1 2.772521
5 0 2.025617
6 1 0.971649
6 0 0.599286
1 1 0.419007
6 1 0.291655
3 0 0.958122
1 0 0.805315
3 1 0.461101
3 0 1.312165
6 0 0.274934
4 1 0.117821
3 1 0.097339
4 0 0.079885
5 1 0.252535
2 1 0.655447
2 0 0.971010
6 1 2.543427
5 0 0.041466
5 1 1.916378
5 0 0.518148
1 1 0.952319
6 0 3.092113
1 0 0.413672
2 1 0.043573
3 0 1.919625
2 0 0.768256
1 1 0.647607
6 1 0.106744
4 1 1.155184
6 0 1.753455
3 1 0.673972
3 0 1.138648
4 0 0.268757
4 1 2.841767
1 0 1.214370
4 0 2.223292
2 1 0.893891
1 1 0.496248
1 0 0.085843
5 1 2.069898
6 1 0.488590
3 1 0.409595
2 0 0.557136
3 0 0.032368
5 0 1.195301
2 1 0.902918
4 1 0.009289
4 0 0.183308
4 1 0.153589
1 1 0.245372
5 1 1.712567
3 1 0.263211
4 0 0.198074
3 0 0.100876
2 0 2.723797
2 1 0.109469
6 0 0.151716
2 0 0.575065
5 0 0.020554
3 1 3.830810
3 0 0.260796
6 1 0.770517
3 1 3.029540
2 1 0.284651
5 1 1.618238
6 0 0.641305
1 0 0.239090
2 0 0.651685
6 1 0.216165
4 1 0.130815
5 0 0.758324
2 1 0.930093
5 1 0.027201
2 0 0.046794
1 1 1.726711
3 0 0.621689
2 1 0.018572
6 0 0.171756
2 0 1.191219
6 1 3.692522
4 0 2.024692
3 1 1.041499
1 0 2.760194
1 1 0.710862
5 0 5.245905
5 1 0.226412
1 0 1.150669
3 0 1.066399
1 1 0.392846
3 1 1.360579
5 0 0.915722
5 1 0.654306
3 0 0.924492
6 0 0.005162
6 1 0.026627
4 1 1.501897
5 0 0.304015
3 1 1.877565
3 0 0.407270
4 0 0.093474
5 1 0.213278
4 1 3.148593
6 0 0.145053
4 0 1.440108
6 1 2.608398
2 1 0.884933
4 1 0.494741
1 0 2.550205
4 0 0.818204
3 1 0.158209
3 0 3.182393
1 1 1.399535
5 0 1.538606
1 0 0.103955
1 1 2.034472
4 1 0.663481
5 1 1.328323
2 0 0.388119
4 0 0.314819
1 0 1.548571
3 1 0.086567
6 0 0.534187
3 0 0.298907
6 1 0.225750
2 1 1.557050
6 0 2.198850
4 1 1.788542
1 1 0.944344
4 0 0.030036
2 0 1.046656
5 0 1.948703
2 1 0.429695
5 1 1.591474
5 0 1.157455
4 1 1.996688
3 1 0.149892
6 1 0.657406
3 0 0.201545
6 0 1.179553
6 1 1.635450
3 1 0.992431
3 0 2.011342
3 1 0.245654
3 0 0.255301
2 0 1.955056
4 0 0.132975
5 1 1.163656
2 1 0.019764
1 0 0.803147
5 0 0.026445
2 0 2.257791
5 1 0.340637
1 1 2.896290
3 1 6.714407
2 1 0.471926
4 1 1.816372
4 0 1.064627
4 1 2.715559
2 0 2.747203
3 0 0.086328
1 0 0.385394
1 1 0.072133
4 0 1.037082
5 0 0.435621
5 1 1.166938
6 0 2.027232
1 0 0.463468
6 1 0.136790
5 0 0.237664
1 1 0.454553
1 0 1.920724
6 0 0.379837
1 1 2.959938
2 1 1.159291
4 1 1.929194
3 1 0.127606
1 0 0.110708
3 0 0.212263
3 1 0.064740
5 1 0.355980
3 0 0.582849
1 1 1.467740
6 1 0.202751
3 1 0.761161
5 0 0.875545
1 0 1.356888
5 1 0.954760
1 1 0.036772
2 0 0.807315
6 0 0.415397
6 1 1.716549
2 1 0.267274
1 0 0.190115
2 0 0.381938
1 1 0.643063
1 0 0.796181
2 1 0.699601
6 0 0.720455
4 0 0.349618
5 0 0.334655
4 1 0.562986
3 0 1.243672
1 1 1.361833
3 1 1.503307
5 1 1.480083
5 0 0.478482
5 1 1.924525
3 0 0.139079
4 0 1.590046
4 1 0.380975
3 1 1.172372
6 1 0.186244
1 0 0.194577
5 0 1.934113
6 0 0.172050
6 1 0.275857
4 0 1.365713
4 1 1.901632
5 1 0.847335
1 1 0.598717
6 0 0.309088
3 0 0.026459
3 1 0.656439
5 0 0.278461
5 1 0.509565
5 0 1.926471
4 0 4.056638
4 1 0.008342
5 1 0.842480
6 1 0.434857
4 0 0.281760
6 0 0.290283
6 1 0.462158
2 0 0.689387
4 1 0.446974
5 0 0.445761
4 0 0.890165
5 1 0.643391
5 0 0.472377
5 1 0.397461
3 0 0.759487
2 1 0.388300
4 1 0.028782
6 0 0.027964
3 1 1.314886
4 0 0.277555
6 1 0.031086
4 1 0.639129
3 0 0.847492
2 0 0.272864
4 0 0.319536
5 0 2.856784
1 0 1.273961
3 1 0.689760
3 0 0.706206
2 1 4.032760
5 1 1.030915
3 1 1.111853
6 0 3.732949
3 0 0.819146
3 1 0.111501
4 1 0.621305
3 0 2.228012
5 0 1.467436
6 1 5.636541
4 0 0.095435
3 1 1.228281
2 0 0.141842
3 0 0.288997
4 1 1.924964
3 1 0.028139
2 1 2.337288
2 0 0.119361
1 1 0.381721
3 0 0.930710
1 0 0.555393
6 0 3.842446
2 1 0.098848
3 1 3.067216
4 0 0.141218
4 1 0.794191
1 1 0.748141
4 0 0.034304
4 1 0.118235
2 0 0.494178
1 0 1.346368
1 1 1.935432
2 1 2.863102
3 0 0.130661
4 0 1.855689
4 1 1.223573
4 0 1.499152
1 0 0.027593
5 1 0.099517
5 0 0.497213
5 1 1.520702
5 0 0.722524
6 1 0.658990
5 1 0.245217
4 1 0.487464
1 1 0.974783
1 0 1.592653
6 0 0.268934
5 0 0.951929
1 1 0.560137
4 0 0.530910
5 1 1.036653
2 0 1.740480
4 1 1.625536
4 0 0.159805
3 1 1.238454
6 1 1.480223
4 1 0.856587
1 0 0.165624
1 1 1.514585
2 1 2.217241
1 0 0.949567
3 0 0.134958
1 1 1.096675
4 0 0.126653
1 0 0.593785
2 0 0.606477
4 1 1.081406
5 0 0.539791
4 0 0.713121
1 1 5.084394
1 0 0.550247
3 1 2.073256
4 1 0.520916
6 0 0.508971
2 1 0.071679
2 0 0.988606
2 1 0.159381
6 1 0.288504
2 0 0.818576
2 1 0.713232
4 0 0.686365
1 1 1.171445
6 0 0.078313
3 0 0.069236
1 0 0.067794
1 1 0.128728
3 1 0.409659
6 1 1.075608
5 1 1.178848
2 0 0.312251
3 0 0.897323
6 0 0.056667
1 0 0.134196
6 1 0.422214
5 0 1.284109
6 0 0.185461
3 1 0.126829
6 1 1.816255
6 0 0.617520
2 1 0.784326
4 1 3.580266
5 1 0.988020
1 1 0.390660
3 0 1.452419
3 1 0.188430
6 1 1.652723
1 0 4.002730
4 0 2.487145
4 1 1.859295
1 1 4.572389
2 0 0.043475
6 0 1.010054
1 0 0.477804
2 1 0.774418
6 1 1.260884
6 0 4.226125
2 0 1.460358
4 0 1.262333
1 1 1.446521
1 0 0.180990
3 0 2.774187
6 1 1.534594
1 1 1.056004
2 1 1.355257
4 1 0.876553
2 0 0.093288
4 0 0.373274
5 0 0.737762
1 0 0.860172
5 1 0.066832
6 0 1.059105
1 1 0.010001
4 1 1.753343
3 1 0.584394
4 0 0.214046
4 1 0.695707
6 1 0.602479
4 0 0.142009
5 0 0.062946
5 1 0.342515
3 0 0.622226
3 1 0.336832
6 0 0.211114
4 1 0.537745
2 1 0.812831
4 0 1.542541
6 1 2.281851
3 0 1.581540
1 0 0.007600
3 1 0.295093
1 1 0.416733
3 0 1.431882
1 0 0.213298
4 1 2.668111
1 1 1.911452
2 0 0.355510
2 1 0.365084
5 0 0.007520
4 0 0.566166
2 0 0.255739
1 0 0.629844
2 1 4.486312
6 0 0.175575
6 1 1.666787
4 1 0.731572
3 1 0.928507
6 0 0.258111
1 1 0.732542
1 0 2.061645
5 1 0.192569
5 0 0.081259
6 1 0.704703
5 1 0.415238
2 0 0.537405
1 1 0.342290
3 0 0.220008
3 1 1.078231
6 0 0.942688
4 0 1.450123
3 0 0.662950
6 1 0.315303
3 1 0.212854
1 0 0.749700
3 0 0.777296
1 1 0.849402
5 0 0.312114
3 1 0.333494
3 0 0.047486
2 1 0.621484
1 0 0.058633
1 1 0.334722
2 0 0.814233
4 1 0.291963
3 1 0.181693
2 1 0.974995
5 1 0.538665
1 0 0.286776
4 0 4.269068
6 0 0.728690
4 1 0.915642
2 0 2.565819
4 0 2.368562
1 1 2.068809
2 1 1.300775
3 0 0.204329
5 0 2.719108
5 1 0.973138
4 1 0.598628
2 0 1.333275
5 0 1.034802
4 0 0.562781
3 1 0.721192
5 1 0.140279
4 1 0.547845
1 0 0.360836
5 0 0.525796
2 1 0.455636
6 1 0.597012
5 1 4.696689
6 0 1.696384
3 0 2.286801
1 1 3.807629
6 1 1.764556
4 0 0.066461
4 1 0.398422
6 0 0.087084
6 1 0.458058
2 0 0.325791
2 1 1.412383
2 0 0.171651
4 0 0.155702
4 1 0.114274
5 0 0.045713
3 1 0.782185
4 0 1.295427
2 1 0.150182
2 0 3.480893
6 0 1.593403
3 0 0.003307
6 1 0.193698
1 0 2.239154
6 0 3.641367
1 1 0.096819
6 1 0.628667
6 0 0.329745
2 1 0.526602
5 1 0.336434
1 0 0.145138
3 1 1.092588
6 1 1.871036
2 0 0.218490
5 0 1.568842
4 1 0.001258
6 0 0.766106
1 1 1.233981
2 1 2.432896
3 0 0.417434
4 0 0.376477
5 1 3.060518
3 1 3.339616
4 1 2.053967
5 0 0.474762
2 0 0.340659
6 1 0.610938
3 0 1.687506
2 1 3.913996
1 0 1.475127
2 0 0.461679
3 1 0.168908
4 0 0.808096
4 1 0.772749
2 1 2.180742
2 0 3.308940
4 0 3.879799
2 1 1.102965
2 0 0.518002
4 1 0.558448
4 0 0.050957
6 0 0.246227
6 1 0.190986
2 1 0.060412
5 1 0.018900
2 0 1.557437
3 0 0.042121
6 0 0.690274
3 1 0.004481
6 1 0.650110
2 1 0.013783
6 0 1.381581
6 1 0.617866
4 1 3.132625
6 0 0.890815
2 0 0.444048
4 0 0.671485
4 1 0.494126
5 0 0.301746
5 1 1.452198
4 0 1.845737
3 0 0.330486
6 1 0.316936
4 1 0.411319
1 1 1.120025
4 0 0.257759
3 1 0.767015
5 0 0.250304
4 1 0.132988
1 0 1.704863
1 1 0.852177
2 1 0.147599
2 0 1.096538
5 1 0.563483
6 0 0.426579
2 1 1.594853
2 0 0.355735
4 0 2.096282
6 1 0.925319
5 0 2.481934
5 1 4.518103
2 1 0.067354
5 0 0.680840
5 1 0.356842
1 0 6.485733
1 1 0.958984
2 0 0.291245
5 0 0.311070
2 1 1.857126
2 0 0.143222
5 1 0.628616
1 0 0.031585
2 1 3.138333
5 0 2.937505
4 1 0.537951
4 0 0.346527
1 1 0.946235
2 0 0.905658
6 0 0.056589
2 1 0.476333
1 0 0.653668
2 0 0.286473
3 0 0.336112
1 1 0.147488
2 1 0.215444
3 1 1.978413
1 0 0.430760
1 1 0.555537
6 1 1.214275
3 0 0.388021
3 1 0.385529
6 0 0.144516
1 0 3.342138
1 1 0.056198
1 0 1.099903
4 1 0.698994
6 1 0.175894
4 0 0.131686
5 1 0.127028
4 1 0.870057
4 0 1.332833
5 0 0.381917
6 0 0.653314
4 1 2.503516
6 1 0.129756
6 0 0.724609
2 0 0.162271
4 0 2.702138
5 1 2.070876
4 1 2.064730
6 1 1.293072
2 1 0.329045
1 1 0.619516
2 0 0.289205
2 1 2.057448
4 0 0.116205
3 0 2.163481
3 1 1.503709
3 0 0.996004
5 0 1.565767
3 1 2.996141
5 1 0.573627
3 0 0.196087
2 0 1.524049
5 0 0.185096
1 0 0.237121
1 1 1.068689
5 1 0.742617
3 1 0.392551
5 0 0.059817
6 0 0.266245
4 1 0.564823
6 1 0.713753
6 0 1.451525
2 1 0.156799
1 0 1.818248
3 0 0.059577
5 1 0.389743
1 1 1.468914
4 0 0.589161
6 1 0.400398
4 1 0.782492
3 1 0.476695
5 0 1.690151
1 0 0.030126
1 1 1.011862
5 1 0.049333
1 0 1.866091
5 0 2.651137
3 0 2.469647
6 0 0.185625
5 1 1.242230
1 1 0.411318
2 0 2.168374
4 0 1.457593
2 1 0.912107
5 0 0.306157
1 0 2.024093
3 1 0.750234
3 0 0.978529
2 0 0.219698
6 1 1.993333
1 1 0.535605
5 1 0.865065
1 0 1.757881
4 1 2.004472
5 0 1.674239
3 1 0.703995
2 1 0.078175
5 1 1.277789
6 0 1.343963
5 0 0.401173
4 0 1.132280
4 1 0.046006
3 0 0.189517
6 1 0.964778
6 0 2.334670
4 0 1.336211
5 1 0.414561
2 0 0.839491
3 1 0.760024
3 0 1.157997
5 0 0.171552
3 1 0.826979
5 1 1.216023
1 1 0.106781
4 1 1.258567
1 0 0.234690
4 0 0.784614
4 1 3.364112
4 0 3.393015
5 0 0.091457
4 1 0.232385
2 1 0.202898
6 1 1.613722
4 0 1.550946
6 0 3.601762
5 1 1.460730
4 1 0.386102
4 0 2.922387
6 1 0.439671
1 1 7.055360
3 0 1.631090
6 0 0.800909
4 1 0.738409
3 1 0.361742
6 1 0.282232
4 0 2.420864
5 0 1.339024
5 1 0.993014
3 0 0.375204
5 0 1.525344
4 1 2.692810
2 0 0.558452
6 0 0.785844
5 1 2.390873
1 0 4.446969
5 0 0.048881
5 1 0.329282
1 1 1.063890
1 0 0.431650
2 1 0.250398
4 0 0.686901
1 1 0.391271
1 0 0.423672
5 0 0.820005
2 0 1.270527
4 1 0.072894
6 1 1.764445
2 1 0.356666
2 0 0.167497
3 1 0.216332
4 0 2.244813
6 0 0.047178
2 1 0.643234
4 1 1.590124
1 1 0.120970
4 0 0.168012
3 0 0.597283
1 0 1.682433
2 0 3.023049
3 1 0.729952
3 0 1.245960
6 1 0.856915
2 1 0.641740
1 1 1.952523
4 1 1.544767
4 0 0.937884
6 0 0.619008
4 1 0.942394
4 0 0.162261
3 1 0.153877
3 0 0.796460
5 1 0.910683
5 0 1.643961
4 1 0.690743
3 1 0.792478
5 1 0.387106
3 0 0.508276
5 0 0.743273
4 0 0.770232
5 1 1.043979
6 1 0.721023
6 0 1.591481
1 0 0.190926
1 1 3.692911
4 1 0.286451
3 1 3.503318
6 1 0.420374
4 0 0.051696
4 1 2.026177
5 0 0.678788
2 0 0.489329
6 0 2.734036
3 0 0.700413
3 1 0.982873
5 1 0.145841
5 0 0.641517
1 0 0.097489
3 0 1.708031
3 1 1.587270
5 1 0.089038
2 1 0.153428
4 0 1.960929
6 1 1.648844
3 0 1.119308
2 0 0.465704
1 1 0.159256
5 0 0.211917
3 1 1.073789
4 1 0.135305
6 0 1.171652
6 1 0.937178
5 1 0.149225
5 0 1.783220
3 0 0.081001
3 1 0.315772
2 1 1.231388
6 0 0.770366
6 1 0.637515
5 1 0.752609
3 0 0.123944
5 0 1.011739
6 0 3.609874
6 1 0.406716
3 1 3.246503
2 0 0.286969
6 0 2.357314
1 0 0.753403
5 1 2.018233
6 1 1.248652
6 0 2.117096
4 0 0.541626
6 1 0.720108
4 1 1.908012
4 0 0.674378
3 0 0.656858
4 1 0.348673
3 1 0.923222
2 1 0.432438
1 1 1.160473
3 0 1.153195
1 0 0.177672
5 0 1.299721
4 0 0.693285
6 0 0.013793
6 1 0.488371
4 1 2.183348
3 1 0.024150
4 0 0.530750
4 1 1.073256
6 0 0.031304
5 1 0.483067
3 0 1.075722
4 0 2.458976
6 1 0.022514
4 1 1.591229
6 0 2.361906
6 1 0.266687
3 1 1.660401
6 0 4.953990
1 1 0.849652
5 0 0.112038
1 0 3.107755
6 1 0.428197
5 1 0.211303
5 0 0.264882
3 0 3.578234
1 1 0.857978
2 0 0.416398
6 0 0.939999
2 1 1.336976
3 1 0.218245
5 1 1.407047
1 0 1.285301
4 0 0.879837
4 1 0.297665
6 1 0.091393
1 1 0.489896
1 0 0.451647
6 0 0.150268
6 1 0.743660
2 0 2.043524
2 1 3.989713
1 1 0.202576
1 0 0.611910
6 0 0.074183
2 0 0.074209
6 1 0.128972
3 0 0.101622
3 1 0.504378
1 1 0.067552
4 0 0.686358
3 0 0.862485
5 0 0.691924
6 0 3.004323
3 1 1.180749
2 1 1.549762
4 1 3.068517
3 0 1.258296
6 1 0.799483
5 1 0.147287
3 1 1.211694
2 0 0.170102
1 0 2.287335
6 0 1.306982
4 0 3.700318
4 1 0.275892
2 1 1.782741
5 0 0.972579
1 1 0.908123
4 0 0.919775
3 0 0.912461
5 1 0.300387
4 1 1.437502
6 1 0.018178
4 0 2.122171
6 0 0.665174
5 0 0.993977
6 1 1.677057
1 0 2.728266
4 1 0.001646
6 0 0.206373
2 0 0.324167
4 0 1.073540
2 1 0.682421
6 1 0.273595
5 1 1.713705
6 0 0.648652
5 0 2.304025
4 1 1.592950
2 0 1.693377
3 1 0.622224
1 1 0.566521
1 0 1.857143
6 1 3.862312
5 1 0.209868
4 0 2.564750
3 0 5.141764
6 0 0.359157
5 0 0.781007
4 1 0.276018
2 1 1.444204
3 1 0.076181
3 0 0.596837
5 1 0.861764
6 1 0.003558
6 0 0.131907
1 1 0.565708
1 0 0.063949
6 1 2.798122
2 0 0.888466
2 1 0.966662
5 0 2.583638
3 1 0.559465
4 0 0.748534
5 1 2.574421
4 1 1.437057
1 1 1.220222
4 0 1.218729
2 0 0.108263
5 0 3.689246
1 0 0.683785
6 0 0.316397
6 1 0.679950
6 0 1.558255
2 1 0.086446
4 1 2.685158
3 0 0.478403
4 0 0.549409
2 0 1.734218
1 1 1.970427
2 1 0.235506
6 1 0.109297
6 0 1.035467
2 0 0.120456
1 0 0.363700
4 1 1.974505
4 0 0.999778
1 1 3.225164
5 1 0.490548
6 1 1.423586
3 1 8.206445
2 1 2.500000
