2 1 0.196102
5 1 0.351484
1 1 1.057531
5 0 2.103711
5 1 1.937206
5 0 0.277046
5 1 0.333030
3 1 0.355038
3 0 0.436496
2 0 0.948121
6 1 2.803693
2 1 0.227754
3 1 0.234474
5 0 1.676720
5 1 6.029833
5 0 0.147533
6 0 0.029548
4 1 0.228325
5 1 1.422729
3 0 1.203872
6 1 0.407084
4 0 0.216708
6 0 0.050437
2 0 0.319732
1 0 3.592499
3 1 2.405029
1 1 0.407852
3 0 3.902664
1 0 0.311584
3 1 0.019320
1 1 3.451612
3 0 1.030291
3 1 2.514439
2 1 3.964762
1 0 0.281078
3 0 2.023529
3 1 0.270579
4 1 6.571016
2 0 1.330704
2 1 2.383926
6 1 2.047238
6 0 0.151074
1 1 0.219561
3 0 1.194251
6 1 0.057923
4 0 0.619203
6 0 0.180284
6 1 0.785083
1 0 0.766977
2 0 0.199834
4 1 2.137762
5 0 0.132368
5 1 2.365766
4 0 1.566682
5 0 0.299483
2 1 2.413742
4 1 0.593678
2 0 0.894487
4 0 0.517152
2 1 1.100319
4 1 0.763260
2 0 0.313219
6 0 0.524362
5 1 0.963683
1 1 0.116485
1 0 1.410254
3 1 0.734676
4 0 0.841907
6 1 0.023005
5 0 1.349313
6 0 0.604306
2 1 2.552343
6 1 0.330299
6 0 0.381738
6 1 0.237756
6 0 0.502360
3 0 0.782625
1 1 0.630677
3 1 0.759140
4 1 0.302279
5 1 1.809923
1 0 1.417425
1 1 1.303850
1 0 0.619773
2 0 0.606019
3 0 0.194441
3 1 2.252795
2 1 1.261207
3 0 0.072950
1 1 1.914354
1 0 0.620993
1 1 0.729945
1 0 0.065077
5 0 1.690386
4 0 0.842547
4 1 0.211129
4 0 0.109018
5 1 0.186657
6 1 0.118665
4 1 1.026356
3 1 0.523188
3 0 0.749787
3 1 0.051854
5 0 0.793329
4 0 0.286634
3 0 0.548777
5 1 1.687604
6 0 1.893682
1 1 3.795034
5 0 0.427329
1 0 1.163997
3 1 0.533095
1 1 0.144552
6 1 6.329163
4 1 1.103831
5 1 0.664061
3 0 1.739706
3 1 1.482068
1 0 1.000718
3 0 1.042151
1 1 0.704990
6 0 0.815712
5 0 2.394805
3 1 0.230065
3 0 0.422025
2 0 0.635264
1 0 3.773873
1 1 0.333673
5 1 0.029153
3 1 0.035753
3 0 0.462041
5 0 1.289276
4 0 0.668050
5 1 1.611849
2 1 0.953971
3 1 0.383397
6 1 1.510155
6 0 0.291809
2 0 1.845647
1 0 0.772840
3 0 1.050371
2 1 0.287725
5 0 0.265250
6 1 0.237372
3 1 0.164127
6 0 0.082099
6 1 1.784254
4 1 0.970948
5 1 1.865743
5 0 1.169391
5 1 0.452657
6 0 0.136506
3 0 0.132968
5 0 0.312244
2 0 0.077772
2 1 3.236027
5 1 1.780026
3 1 1.261786
6 1 1.230258
1 1 7.147490
2 0 1.324022
1 0 0.605547
1 1 0.076820
6 0 0.140457
2 1 2.242133
4 0 0.101020
3 0 1.934829
3 1 0.215851
4 1 0.566335
1 0 0.136184
5 0 0.314760
6 1 2.760442
3 0 3.030179
3 1 1.579017
3 0 0.096912
2 0 1.261656
1 1 0.535781
6 0 1.082681
5 1 0.275290
1 0 0.704306
5 0 1.105529
1 1 0.108806
4 0 0.758492
2 1 1.285414
2 0 0.128948
6 1 0.995849
4 1 1.651407
4 0 0.135098
5 1 0.458478
3 1 1.072949
3 0 0.700839
3 1 0.663529
5 0 0.182504
6 0 0.767601
4 1 0.396115
2 1 0.361804
5 1 6.062970
4 0 0.182010
3 0 1.193620
4 1 0.475541
6 1 0.573532
3 1 1.275831
5 0 4.128763
5 1 1.861173
4 0 0.297320
3 0 1.224868
1 0 0.379831
2 0 0.515113
1 1 1.578034
1 0 2.004119
2 1 0.245755
6 0 1.744728
4 1 0.449422
5 0 0.954294
3 1 0.290964
4 0 2.196231
1 1 0.449736
6 1 2.153947
4 1 0.209650
1 0 0.369445
2 0 2.023593
6 0 4.698832
3 0 1.422954
1 1 0.508356
1 0 0.169901
4 0 0.764909
3 1 0.317122
6 1 1.097246
4 1 1.554289
6 0 1.398628
3 0 0.215944
2 1 1.095878
3 1 1.404299
2 0 0.843703
1 1 0.739369
6 1 3.469124
2 1 1.978950
4 0 0.368129
6 0 0.207366
4 1 0.223120
3 0 1.192831
6 1 1.427193
6 0 1.074694
5 1 0.919390
6 1 0.849803
1 0 0.090978
5 0 0.715871
6 0 1.252183
1 1 1.598237
2 0 1.184202
4 0 0.799686
6 1 1.049637
3 1 0.547938
1 0 2.521641
6 0 0.456842
1 1 0.237968
1 0 2.124115
3 0 0.406997
6 1 4.794439
3 1 0.804698
1 1 0.887833
3 0 0.217593
2 1 2.521864
4 1 4.648503
5 1 2.385358
6 0 1.655108
2 0 2.495312
5 0 0.322810
3 1 2.864413
1 0 2.488544
6 1 1.394073
4 0 4.465394
2 1 2.500000
