6 1 0.512077
5 1 0.359157
6 0 1.084750
3 1 3.816127
3 0 3.343223
6 1 3.302849
3 1 0.569712
1 1 1.562532
3 0 1.105365
3 1 0.075951
3 0 5.121396
1 0 2.337921
5 0 0.699827
6 0 0.439104
4 1 0.452154
3 1 3.723998
1 1 0.341693
6 1 0.775744
6 0 0.057397
1 0 4.474332
6 1 0.408591
5 1 3.148317
5 0 1.419692
3 0 3.663483
1 1 4.971099
5 1 3.038701
2 1 3.691072
5 0 4.514458
3 1 4.182118
6 0 0.078518
6 1 0.330020
1 0 3.779600
3 0 0.630799
5 1 0.795721
4 0 0.314331
3 1 3.803813
3 0 0.387541
4 1 0.196326
5 0 1.948782
6 0 2.565336
1 1 2.605642
4 0 0.482636
5 1 3.132359
5 0 0.597494
3 1 4.883904
6 1 1.885630
1 0 1.729305
2 0 0.272225
2 1 1.113318
3 0 4.522099
6 0 4.574801
2 0 2.966132
5 1 0.204902
5 0 4.341569
4 1 0.598549
2 1 0.048480
3 1 0.693603
6 1 3.103320
5 1 1.146907
1 1 0.378468
4 0 0.770744
5 0 2.264282
2 0 0.589671
1 0 1.304081
3 0 4.261659
5 1 0.880734
1 1 0.230176
6 0 0.404404
4 1 0.583978
5 0 2.581000
1 0 4.661122
5 1 0.032170
3 1 0.307667
2 1 1.422485
6 1 0.679952
1 1 3.738507
5 0 1.697075
2 0 1.722214
3 0 1.970986
2 1 3.514518
1 0 4.146147
6 0 0.406721
2 0 1.907457
1 1 0.323897
6 1 0.457686
1 0 2.837323
1 1 0.720848
3 1 1.367969
6 0 1.120323
2 1 2.815839
4 0 0.969680
1 0 1.138960
1 1 0.625342
3 0 0.245052
1 0 1.412433
4 1 3.226600
6 1 1.005793
6 0 1.075195
6 1 0.678024
4 0 0.475452
1 1 1.016022
2 0 1.503645
2 1 0.618513
2 0 4.037338
6 0 1.146216
4 1 0.963003
5 1 1.209991
4 0 0.704379
1 0 3.106764
5 0 0.341131
2 1 0.298513
2 0 1.185439
2 1 0.688644
3 1 1.270787
2 0 3.991683
1 1 0.399240
2 1 1.803294
2 0 4.625350
4 1 0.106771
5 1 1.222887
3 0 1.518153
4 0 0.968525
5 0 0.951605
6 1 2.007684
1 0 2.049172
3 1 0.328603
6 0 0.881550
4 1 0.378497
5 1 0.503471
6 1 1.012221
6 0 4.778400
6 1 0.492945
3 0 1.501682
4 0 2.556784
1 1 1.281657
4 1 0.056816
4 0 0.170696
4 1 0.018636
4 0 2.477534
6 0 0.604794
2 1 0.823042
5 0 1.755353
5 1 0.880368
4 1 1.794473
2 0 0.076182
2 1 0.277977
1 0 1.936183
4 0 2.101268
4 1 8.571348
1 1 0.144469
1 0 0.577483
2 0 5.523240
4 0 0.989569
1 1 0.409809
5 0 2.588006
4 1 0.701560
1 0 1.079762
3 1 4.785574
4 0 3.904707
5 1 2.443761
2 1 5.641911
5 0 0.826674
1 1 0.818696
3 0 0.579737
4 1 1.497855
6 1 0.303696
6 0 1.527210
5 1 0.222173
3 1 2.736435
2 0 0.449298
1 0 1.400139
6 1 0.110347
4 0 0.665585
3 0 4.072341
4 1 4.105528
4 0 0.502593
2 1 1.309686
6 0 2.447244
4 1 0.837261
4 0 1.237853
2 0 0.722124
6 1 0.881189
1 1 0.269684
6 0 0.347822
5 0 0.348410
3 1 1.182621
4 1 6.029496
6 1 0.949328
1 0 1.432276
2 1 0.925197
3 0 0.342868
6 0 0.889660
6 1 1.285802
2 0 0.287293
1 1 1.686824
1 0 0.173014
3 1 0.781630
1 1 5.376455
2 1 0.340846
5 1 0.196535
3 0 1.132850
2 0 0.590654
3 1 6.230721
4 0 3.861434
6 0 1.639171
1 0 1.577803
2 1 1.709601
4 1 0.262134
2 0 1.915589
2 1 0.327836
1 1 4.980741
4 0 0.295703
3 0 0.393865
3 1 1.883959
6 1 1.906190
1 0 3.873009
2 0 1.391390
6 0 1.705958
2 1 0.547003
6 1 0.628652
4 1 2.921511
2 0 0.886680
1 1 0.507820
5 0 1.014283
2 1 1.364255
1 0 0.077038
3 0 0.171932
1 1 0.613210
6 0 0.599782
2 0 0.026732
2 1 1.667800
3 1 0.076068
3 0 0.864588
2 0 1.264386
2 1 0.806873
5 1 0.186454
4 0 4.208293
1 0 0.224743
3 1 0.959368
4 1 4.096681
2 0 1.534671
1 1 0.574528
2 1 0.042005
4 0 0.196856
5 0 0.062402
2 0 0.209244
3 0 0.142982
6 1 1.060318
1 0 0.182838
6 0 3.550268
3 1 0.008273
1 1 0.403284
3 0 4.424126
4 1 2.976417
5 1 1.436176
2 1 1.598566
4 0 1.185244
5 0 1.039475
3 1 0.313787
1 0 0.377819
3 0 0.933326
5 1 0.937130
5 0 2.226380
2 0 0.035402
2 1 0.167809
1 1 4.746125
2 0 0.184589
5 1 1.346659
5 0 3.081787
3 1 2.456656
3 0 0.693072
1 0 1.370225
6 1 2.881949
4 1 6.829353
3 1 0.538507
6 0 1.459177
6 1 3.075977
6 0 0.587623
4 0 1.905979
5 1 1.690796
1 1 0.031510
6 1 2.220976
5 0 0.494151
1 0 0.753267
4 1 0.291127
3 0 1.474159
5 1 1.775813
6 0 0.150355
1 1 2.108333
4 0 2.500608
2 1 0.426927
2 0 1.578659
1 0 1.004826
5 0 2.605307
1 1 0.528134
4 1 1.038010
5 1 4.007656
3 1 0.168298
3 0 1.496445
4 0 0.913411
1 0 4.655754
6 1 3.696197
4 1 7.342192
2 1 0.319548
2 0 1.357409
1 1 0.473456
1 0 0.170655
6 0 6.768109
2 1 0.491317
3 1 0.416792
6 1 0.705066
2 0 1.012766
4 0 0.180871
2 1 0.602182
3 0 0.443190
4 1 3.752690
6 0 0.426330
5 0 2.078671
2 0 2.662053
6 1 0.396080
5 1 1.050209
4 0 1.128206
3 1 3.762548
3 0 0.516496
4 1 0.683564
6 0 3.191168
3 1 0.621042
5 0 0.808221
4 0 4.206266
6 1 0.418806
4 1 1.921591
1 1 2.686112
2 1 0.422357
4 0 1.222322
6 0 1.241446
1 0 0.046481
1 1 0.934764
4 1 3.238307
2 0 0.026829
4 0 3.530298
3 0 1.007089
5 1 0.100123
2 1 3.935014
5 0 0.282837
4 1 0.804232
2 0 2.180377
3 1 1.200086
6 1 0.611353
1 0 1.026562
5 1 0.438563
2 1 3.965581
2 0 1.395985
1 1 4.083254
3 0 1.136192
4 0 1.515766
6 0 1.264830
2 1 0.931291
1 0 0.637990
1 1 1.924551
5 0 5.176899
1 0 3.528290
1 1 0.560045
5 1 2.289784
6 1 1.443813
3 1 2.123156
6 0 1.232676
5 0 2.465286
1 0 0.265088
3 0 2.060326
6 1 3.467319
5 1 4.093770
2 0 0.441758
5 0 0.177616
1 1 0.656426
1 0 0.156961
3 1 0.924546
4 1 2.141422
1 1 1.876053
1 0 5.000395
4 0 1.439552
4 1 0.726286
1 1 0.610598
4 0 1.175013
6 0 0.979390
4 1 2.897249
1 0 0.029207
5 1 0.733145
5 0 1.390718
5 1 0.993914
4 0 0.010812
1 1 1.889170
2 1 0.086333
2 0 1.559331
6 1 0.169170
4 1 0.344498
1 0 0.721352
6 0 1.744139
3 0 1.061885
4 0 2.077446
4 1 2.599997
5 0 3.082270
2 1 2.608182
1 1 1.061608
5 1 7.124412
5 0 0.213095
6 1 1.395929
6 0 2.241150
1 0 0.029643
4 0 0.859263
3 1 0.224829
6 1 6.221940
1 1 0.432599
1 0 2.049363
3 0 2.313787
1 1 0.810887
3 1 1.688744
3 0 1.348268
1 0 0.592851
1 1 0.019991
1 0 0.078723
2 0 1.095041
4 1 1.204127
6 0 0.735503
2 1 0.510826
6 1 1.092012
4 0 2.281604
3 1 1.729809
1 1 1.859482
3 0 0.782910
5 1 0.026465
1 0 2.110288
2 0 1.664428
4 1 1.041847
2 1 2.432062
2 0 0.323801
3 1 0.475945
1 1 0.350303
4 0 0.621996
5 0 1.243881
4 1 1.728393
1 0 5.840985
6 0 0.903008
5 1 2.619919
6 1 1.481749
3 0 0.985862
4 0 1.429211
4 1 0.115290
6 0 0.386231
4 0 0.385764
3 1 2.966388
6 1 0.115062
6 0 4.396029
4 1 1.425239
3 0 0.539900
1 1 0.315561
3 1 0.742142
5 0 1.631053
5 1 1.087335
1 0 0.926761
3 0 2.251141
5 0 0.363869
2 1 1.919594
4 0 0.269652
2 0 0.904256
2 1 0.457138
2 0 0.652920
2 1 1.211413
2 0 0.784139
5 1 0.776634
3 1 0.229352
2 1 0.934665
2 0 0.885866
1 1 0.444760
5 0 4.324945
2 1 0.604283
6 1 0.662226
2 0 2.256061
3 0 1.836005
6 0 1.231689
4 1 2.106016
4 0 1.041593
1 0 1.111554
4 1 1.708890
6 1 2.032127
4 0 2.253164
2 1 2.410760
2 0 1.523726
5 1 0.616602
3 1 0.134018
5 0 1.709055
1 1 0.310684
1 0 0.893296
6 0 1.517469
1 1 0.943338
3 0 1.038453
2 1 1.498317
1 0 0.121482
4 1 0.056862
1 1 0.976542
3 1 1.951537
2 0 0.048909
2 1 0.716362
1 0 2.265765
3 0 0.550525
3 1 2.778681
3 0 1.635306
4 0 3.141615
6 1 0.455146
6 0 0.403140
6 1 1.348635
6 0 2.875673
6 1 0.422838
1 1 2.868750
2 0 2.537783
3 1 0.741743
5 1 0.511968
1 0 2.595649
6 0 1.044560
3 0 2.541375
2 1 0.956480
3 1 0.272520
6 1 0.102928
1 1 1.204951
3 0 2.111376
6 0 3.508222
5 0 0.268167
4 1 0.472759
1 0 0.532113
1 1 0.210829
3 1 1.480617
3 0 3.525686
1 0 0.284294
3 1 0.160108
5 1 11.282751
4 0 6.575370
1 1 0.122575
6 1 0.221721
1 0 1.296953
5 0 1.142357
4 1 0.237725
3 0 0.635897
3 1 0.256237
4 0 1.459614
1 1 0.457943
6 0 2.061193
2 0 0.028108
1 0 0.096289
4 1 3.883195
6 1 0.264160
6 0 1.128212
1 1 1.222534
2 1 0.903640
5 1 0.963449
5 0 0.569317
1 0 1.883845
1 1 0.292981
4 0 0.203925
2 0 1.724396
4 1 1.530040
5 1 1.525678
5 0 6.476908
5 1 1.630376
5 0 1.291229
6 1 0.509286
1 0 1.217273
4 0 0.972050
4 1 1.849730
6 0 0.444697
2 1 8.053597
5 1 1.323738
1 1 0.656097
4 0 4.559184
1 0 0.169730
4 1 0.140026
3 0 2.007293
4 0 1.788340
6 1 3.611501
2 0 0.433847
2 1 1.042914
2 0 2.211507
2 1 3.612824
5 0 2.785177
1 1 0.676147
3 1 0.890186
5 1 0.137225
6 0 2.413162
1 0 1.157229
3 0 1.970463
1 1 10.610925
2 0 1.082979
4 1 1.286096
4 0 0.115226
4 1 0.734732
3 1 2.788508
5 0 0.795375
4 0 0.248671
3 0 1.860414
1 0 4.111533
3 1 2.447012
3 0 1.043296
4 1 1.003002
6 1 0.051544
1 1 0.972792
5 1 1.102487
4 0 0.433701
6 0 0.400399
4 1 7.024477
4 0 1.029452
3 1 4.493698
1 0 0.612851
6 1 2.411810
6 0 0.767361
2 1 1.806013
2 0 2.374390
6 1 0.729078
5 0 0.689040
3 0 0.667043
3 1 1.523316
4 1 1.089295
1 1 3.779623
1 0 2.608945
4 0 0.099522
1 1 2.050704
5 1 0.916827
5 0 2.621643
2 1 0.774381
2 0 0.688497
2 1 2.574053
5 1 0.247257
3 0 0.483518
1 0 5.146606
1 1 7.409226
5 0 1.107764
6 0 0.849735
3 1 0.096371
6 1 1.326356
4 1 0.874087
4 0 2.224100
2 0 1.108987
3 0 0.196516
2 1 2.406852
1 0 0.525232
5 1 0.236539
4 1 0.657582
3 1 0.278393
6 0 4.901309
2 0 1.030831
5 0 2.333801
5 1 0.553751
6 1 0.784227
6 0 2.629829
1 1 0.013019
3 0 0.499115
4 0 4.701852
6 1 0.328105
6 0 0.928163
3 1 3.091255
4 1 0.065272
5 0 0.351656
4 0 2.411203
2 1 1.787987
4 1 0.251128
5 1 0.039886
5 0 0.193408
2 0 2.138172
4 0 4.796261
3 0 0.166110
6 1 2.415832
6 0 1.764135
6 1 1.352401
3 1 1.238777
6 0 0.914632
1 0 5.394611
2 1 2.536303
3 0 0.660929
6 1 0.427827
4 1 0.102874
6 0 3.442327
2 0 2.497177
3 1 0.215469
6 1 0.048525
2 1 0.442847
2 0 0.593980
2 1 1.564668
1 1 2.304085
1 0 1.078330
6 0 1.028060
4 0 0.948497
3 0 0.679052
3 1 0.464225
4 1 0.101798
3 0 1.637952
3 1 1.021948
4 0 0.502027
2 0 0.357163
5 1 0.433122
2 1 4.671778
2 0 0.300473
6 1 2.334853
4 1 0.051995
5 0 0.501800
6 0 1.201002
2 1 1.961005
4 0 2.858321
5 1 0.102959
2 0 0.783904
4 1 0.422021
5 0 4.293582
1 1 1.078604
3 0 1.923335
3 1 6.725722
6 1 2.552265
4 0 2.313906
5 1 0.870849
3 0 6.399720
3 1 1.741551
1 0 1.282938
2 1 2.836643
6 0 0.085857
6 1 0.981410
2 0 0.346428
2 1 0.789256
2 0 1.529602
5 0 0.494857
1 1 0.232403
5 1 2.431425
5 0 4.076338
2 1 5.903854
3 0 5.429156
2 0 2.523532
3 1 0.416403
5 1 0.653577
5 0 1.171820
6 0 1.525559
4 1 1.239928
6 1 6.968878
3 0 1.409602
6 0 3.434622
3 1 1.520898
2 1 2.898724
2 0 2.578839
1 0 3.256665
3 0 1.268246
5 1 3.654055
3 1 0.709922
2 1 0.232203
6 1 0.645938
3 0 1.579687
3 1 2.840447
5 0 1.395949
4 0 1.805374
3 0 0.218969
1 1 0.188024
1 0 0.072836
5 1 4.000887
3 1 2.023434
1 1 0.883474
1 0 0.269542
1 1 8.345303
3 0 5.070854
4 1 0.602843
6 0 5.047730
2 0 1.932822
1 0 7.623579
5 0 2.500000
