5 1 1.488241
3 1 0.681362
2 1 0.194850
3 0 0.151551
3 1 0.830369
1 1 0.608945
4 1 1.890340
2 0 0.534879
2 1 0.337599
2 0 0.819408
4 0 0.185748
2 1 1.115553
1 0 0.122259
1 1 0.482329
2 0 0.732648
6 1 0.021567
3 0 0.071309
6 0 0.658288
2 1 0.528415
2 0 0.111914
3 1 0.333471
1 0 0.834385
1 1 1.031371
6 1 0.489163
3 0 0.375271
5 0 2.073315
4 1 0.512541
1 0 0.616680
5 1 0.896815
4 0 0.070071
3 1 2.277189
1 1 0.953946
1 0 0.044179
1 1 0.091013
3 0 2.937101
2 1 0.203703
1 0 0.368680
3 1 0.018766
1 1 1.512139
1 0 0.612495
3 0 0.663230
5 0 0.817317
3 1 0.740148
1 1 0.158601
1 0 0.359464
2 0 0.605430
1 1 0.206145
1 0 1.387021
6 0 0.561913
5 1 0.233167
1 1 0.802984
5 0 0.932539
3 0 3.108013
1 0 0.443833
4 1 2.566586
5 1 0.614101
5 0 0.081134
1 1 0.461181
1 0 1.151532
5 1 3.634954
3 1 0.017541
6 1 0.938470
3 0 0.271377
5 0 0.877986
4 0 0.245293
4 1 0.122212
4 0 3.196473
3 1 1.272495
3 0 1.238668
5 1 1.636481
6 0 0.563188
6 1 0.034368
2 1 0.943133
2 0 2.842278
6 0 0.549651
2 1 0.305620
5 0 0.478160
3 1 0.727598
1 1 0.118997
5 1 0.711423
6 1 2.681594
2 0 0.082517
4 1 0.757372
6 0 2.769923
4 0 0.738313
4 1 1.407169
1 0 1.070590
3 0 0.498227
3 1 0.097857
2 1 0.562086
3 0 0.001037
3 1 0.729439
3 0 0.799225
1 1 1.037229
2 0 0.873159
4 0 0.175333
5 0 0.730657
4 1 0.236929
1 0 0.794558
4 0 0.127433
5 1 0.807872
6 1 0.539894
6 0 0.843134
4 1 0.197036
5 0 0.872257
2 1 0.588305
5 1 0.115035
5 0 3.598402
6 1 1.188287
5 1 2.976020
3 1 1.444633
1 1 0.955408
6 0 0.637720
3 0 0.011933
3 1 0.487460
1 0 0.218241
5 0 0.366477
1 1 0.287088
5 1 0.539029
2 0 0.054797
6 1 0.483936
5 0 0.919820
3 0 0.676166
3 1 1.633036
6 0 0.641451
5 1 4.352687
6 1 1.465093
1 0 0.645845
6 0 0.318959
6 1 1.135452
2 1 1.251299
6 0 0.778718
1 1 1.057968
3 0 0.062698
3 1 0.402183
3 0 0.146981
4 0 0.368704
5 0 2.345508
3 1 0.515615
5 1 0.635995
6 1 0.825071
1 0 0.074318
1 1 0.076344
4 1 0.502386
4 0 1.573150
3 0 0.329787
1 0 0.022791
4 1 2.446826
2 0 1.886339
5 0 0.182296
6 0 0.337968
4 0 0.219840
3 1 1.637499
3 0 0.123485
1 1 0.072801
2 1 0.241062
4 1 0.343525
5 1 1.138572
6 1 4.039146
5 0 1.546683
4 0 2.719746
1 0 0.078469
4 1 0.092201
4 0 0.262971
2 0 0.551494
4 1 0.527786
5 1 1.521881
1 1 0.074042
5 0 0.870853
1 0 0.524684
2 1 0.364935
1 1 0.167762
2 0 0.743754
1 0 0.638456
5 1 0.869547
4 0 0.304984
5 0 1.605290
4 1 0.508783
6 0 0.526578
2 1 0.134316
6 1 0.874233
3 1 1.596493
6 0 0.896475
1 1 0.597494
4 0 0.065797
4 1 1.130659
5 1 0.629774
3 0 0.402336
3 1 0.214132
1 0 0.667984
1 1 0.028031
5 0 2.111143
3 0 1.214351
6 1 0.030683
2 0 2.488900
3 1 0.329499
2 1 0.421351
6 0 0.246119
2 0 2.470546
4 0 0.032968
3 0 1.186229
1 0 0.775376
1 1 0.528047
1 0 0.276343
2 1 2.624532
5 1 0.482010
3 1 0.252060
3 0 0.090854
3 1 0.283471
5 0 0.393466
4 1 1.045300
4 0 0.500082
5 1 0.277516
5 0 0.832076
3 0 0.037189
3 1 0.524495
1 1 1.751469
6 1 0.741413
6 0 0.910649
3 0 3.161016
6 1 1.105084
3 1 0.847157
2 0 1.055075
6 0 0.616349
4 1 0.371933
5 1 0.480141
5 0 1.369784
6 1 0.411037
1 0 0.529680
4 0 0.984692
6 0 0.071990
5 1 0.055144
4 1 0.934294
3 0 0.579189
4 0 0.575482
1 1 0.287341
5 0 0.614113
1 0 0.811451
2 1 1.023664
6 1 1.946454
1 1 1.363257
5 1 1.017916
3 1 0.915084
3 0 1.115969
1 0 0.100792
4 1 0.379880
3 1 2.957677
1 1 0.219114
3 0 0.572218
4 0 0.364970
3 1 0.869263
2 0 0.917999
6 0 0.583970
2 1 0.977148
3 0 1.530330
4 1 0.265865
5 0 0.565155
6 1 0.243829
5 1 0.338231
2 0 0.027972
3 1 1.987498
2 1 0.256972
4 0 0.659106
1 0 0.872685
2 0 1.128426
4 1 1.670277
2 1 1.150669
3 0 1.169890
2 0 0.409722
5 0 0.242166
2 1 0.834889
3 1 1.224903
2 0 0.665294
2 1 0.745050
1 1 0.693579
1 0 0.558820
5 1 0.262143
4 0 0.056948
6 0 0.440327
4 1 1.044730
2 0 0.032259
6 1 0.134376
1 1 0.400147
5 0 0.012255
5 1 0.606151
4 0 2.689084
5 0 0.047670
5 1 0.119102
3 0 2.760028
1 0 0.726270
1 1 2.255733
2 1 0.473992
4 1 1.089166
5 0 1.757430
4 0 0.354172
4 1 1.222462
4 0 1.272387
5 1 0.430218
6 0 0.184064
4 1 0.050113
6 1 1.143549
5 0 0.345973
6 0 0.322962
6 1 0.372591
3 1 1.580308
4 0 0.323741
3 0 1.048273
1 0 0.008938
6 0 1.426092
3 1 0.024930
2 0 1.682664
2 1 0.764494
1 1 1.450123
4 1 0.177076
1 0 1.591388
6 1 1.048554
4 0 0.839235
3 0 0.017634
2 0 0.669574
5 1 1.242403
1 1 0.081732
2 1 0.129890
5 0 2.005438
2 0 0.356894
3 1 0.344683
6 0 1.268637
4 1 0.110300
6 1 0.033397
6 0 0.213389
5 1 0.021869
1 0 0.318632
3 0 0.496705
2 1 0.208273
5 0 1.468342
2 0 0.711013
1 1 0.056832
3 1 0.502098
1 0 1.157067
6 1 0.095759
1 1 0.314419
4 0 0.467147
4 1 0.070439
5 1 0.043085
2 1 0.428545
6 0 0.067526
4 0 1.149649
4 1 0.385432
4 0 1.556054
2 0 2.081467
5 0 0.070236
5 1 1.335697
2 1 0.319472
5 0 0.011358
2 0 0.239645
3 0 2.992391
4 1 0.825243
6 1 0.350681
5 1 0.309299
2 1 0.323891
1 0 1.484217
4 0 0.110724
6 0 2.223277
4 1 0.263695
3 1 0.190404
4 0 1.535559
6 1 0.512046
4 1 0.066659
1 1 0.989933
6 0 3.021303
2 0 0.550881
5 0 0.089626
4 0 0.194476
1 0 0.727022
1 1 0.531300
5 1 0.052676
4 1 1.006697
4 0 0.538820
6 1 0.654332
5 0 1.358104
4 1 0.196046
1 0 1.226786
2 1 5.911349
1 1 2.432907
6 0 1.903954
5 1 0.654651
4 0 10.196156
3 0 2.500000
