6 1 0.382551
1 1 1.456959
5 1 3.239136
6 0 5.583639
4 1 0.906489
3 1 3.880524
3 0 1.209564
2 1 1.445791
1 0 0.373093
3 1 2.238682
2 0 3.719464
2 1 1.419514
2 0 0.305631
5 0 3.332698
1 1 1.246671
6 1 1.276331
5 1 1.035519
6 0 0.221462
2 1 0.868799
4 0 2.662906
6 1 0.596583
5 0 3.419770
5 1 0.019735
6 0 0.857233
4 1 4.352488
3 0 1.001648
3 1 0.806217
6 1 0.845571
4 0 2.850593
3 0 0.865120
1 0 0.677380
4 1 0.005835
2 0 1.577787
4 0 1.519816
2 1 0.940023
5 0 1.790473
1 1 0.504723
6 0 2.533082
2 0 0.761721
2 1 1.613386
5 1 0.767571
5 0 0.614669
5 1 3.254660
1 0 2.263685
2 0 0.501759
5 0 0.378360
6 1 2.141879
5 1 3.296543
3 1 3.311564
3 0 2.821322
2 1 0.680492
3 1 1.785504
2 0 0.629335
3 0 1.333437
5 0 4.799124
3 1 3.328678
1 1 3.461665
3 0 0.074770
2 1 0.289308
2 0 1.574261
6 0 0.193721
4 1 0.180785
3 1 0.417310
3 0 1.297903
5 1 2.616146
4 0 0.163951
4 1 0.172091
4 0 5.047485
2 1 2.163067
5 0 2.210461
4 1 1.285614
5 1 2.855989
6 1 6.333072
5 0 0.196722
5 1 1.969214
5 0 0.025660
4 0 0.206805
4 1 8.661768
4 0 1.244794
3 1 1.381649
2 0 2.082913
5 1 6.984732
6 0 2.164513
4 1 1.136081
6 1 6.863783
1 0 1.238280
3 0 2.227236
3 1 0.056869
5 0 0.045107
4 0 1.831584
5 1 1.804564
5 0 3.962022
1 1 1.520400
1 0 12.426310
6 0 1.993489
2 1 0.312969
1 1 4.111334
6 1 0.385019
1 0 2.333427
5 1 0.492856
2 0 0.816660
1 1 1.216631
1 0 0.758788
5 0 3.168819
1 1 5.283076
1 0 0.701254
6 0 3.973081
1 1 1.109340
4 1 2.635614
1 0 0.090860
6 1 0.312800
6 0 0.878872
1 1 0.822347
1 0 1.685138
3 0 1.167446
6 1 0.637841
4 0 1.203183
5 1 1.547415
2 1 0.473500
3 1 0.594668
2 0 1.312293
3 0 1.200900
1 1 0.860622
5 0 0.508930
2 1 2.278624
5 1 0.333162
6 0 6.758444
2 0 0.006167
3 1 1.813375
1 0 0.859662
1 1 0.565494
1 0 0.674595
3 0 3.772541
4 1 3.842386
5 0 3.774596
3 1 0.363819
2 1 0.494287
3 0 1.721979
2 0 2.424305
6 1 1.621083
4 0 3.239036
3 1 5.696887
6 0 2.047036
3 0 2.473983
1 1 2.703326
6 1 0.187924
4 1 9.992382
1 0 3.908176
2 1 0.636310
5 1 2.626259
5 0 0.214791
6 0 3.580958
2 0 6.234573
2 1 7.507497
3 1 6.663284
2 0 11.412693
3 0 0.649982
2 1 0.075714
2 0 1.830186
3 1 0.666547
5 1 3.294487
2 1 0.302574
5 0 1.824761
1 1 0.302392
2 0 6.112724
2 1 4.697675
1 0 0.032263
5 1 0.374705
4 0 3.094174
4 1 2.527537
1 1 0.148196
6 1 2.277790
4 0 0.756028
3 0 1.343789
5 0 2.991411
6 0 1.535402
6 1 3.963151
3 1 0.466873
4 1 4.222847
3 0 3.008117
6 0 1.061601
4 0 1.225125
6 1 0.080857
1 0 1.136016
5 1 0.031632
2 0 0.621120
5 0 2.143803
3 1 0.642923
4 1 6.234877
1 1 11.657291
6 0 3.301556
5 1 2.822664
6 1 0.185952
4 0 1.929745
6 0 4.137898
5 0 0.183323
2 1 1.748020
5 1 5.032606
1 0 2.101114
4 1 0.384436
6 1 0.741892
2 0 1.003109
4 0 1.588958
1 1 0.138439
4 1 1.772044
2 1 1.087380
3 0 2.939009
5 0 0.719688
2 0 0.786038
3 1 0.041543
6 0 5.731507
1 0 2.809979
5 1 0.069718
5 0 0.901197
5 1 1.054479
6 1 0.891619
2 1 5.684629
6 0 0.598289
3 0 2.244957
2 0 7.525731
4 0 7.782492
1 1 0.699970
4 1 0.042709
3 1 2.191101
4 0 0.499965
1 0 0.520390
4 1 1.788260
2 1 0.715794
6 1 0.155191
4 0 0.257369
4 1 0.067508
1 1 5.032075
5 0 1.614767
4 0 5.609212
5 1 5.305249
1 0 6.537493
3 0 0.983179
2 0 1.578603
6 0 4.777715
1 1 0.042695
3 1 0.255709
2 1 5.992114
3 0 1.950247
4 1 3.939261
2 0 6.331309
6 1 3.341817
1 0 2.672118
2 1 3.844506
6 0 9.013233
6 1 0.087280
3 1 0.150983
4 0 0.281695
4 1 3.990439
6 0 5.626047
4 0 1.342311
4 1 1.116060
4 0 0.472197
4 1 2.271086
2 0 0.181636
2 1 0.558691
4 0 0.639531
4 1 0.074424
6 1 3.726361
3 0 0.843450
4 0 0.147438
5 0 0.913816
1 1 2.949138
5 1 0.029394
4 1 0.437642
2 0 3.205646
2 1 0.469761
1 0 1.351913
6 0 0.265923
5 0 0.008981
3 1 1.431389
2 0 1.718308
1 1 0.006018
2 1 0.144288
1 0 1.281845
1 1 1.111545
2 0 6.153226
5 1 1.656652
2 1 4.558036
4 0 3.360338
3 0 1.501312
3 1 1.125600
3 0 2.481678
5 0 0.933738
1 0 2.382266
2 0 1.492462
2 1 1.979820
2 0 0.839012
3 1 3.852076
6 1 0.646893
6 0 9.304338
4 1 8.609239
1 1 2.000679
3 0 2.733799
5 1 4.268284
5 0 1.150414
3 1 0.208052
5 1 2.147782
1 0 0.384755
3 0 0.337413
6 1 0.619265
6 0 0.352837
5 0 0.246660
1 1 3.187723
4 0 1.036620
1 0 0.363272
3 1 1.588756
5 1 0.587660
5 0 2.020597
2 1 0.423989
3 0 5.935605
4 1 0.422361
4 0 1.342358
6 1 1.441638
3 1 0.648363
5 1 3.427231
3 0 3.559263
1 1 1.761568
4 1 0.865769
4 0 8.701140
3 1 5.224086
2 0 2.888063
1 0 0.773877
1 1 0.224035
6 0 0.579291
2 1 0.725198
5 0 2.496655
6 1 3.388369
6 0 1.328879
6 1 1.422040
5 1 0.371416
4 1 4.277976
6 0 1.241491
1 0 0.880138
2 0 6.643584
6 1 8.164704
5 0 2.053854
3 0 1.989896
4 0 1.436729
6 0 4.918874
3 1 2.238632
4 1 0.967906
4 0 1.108810
6 1 1.574307
5 1 6.424425
1 1 1.385885
6 0 3.805251
1 0 2.092928
3 0 0.441107
6 1 0.001057
3 1 1.151817
2 1 2.092623
3 0 0.456680
6 0 0.008187
6 1 2.266372
6 0 1.234851
4 1 0.237691
2 0 1.417463
1 1 0.255479
3 1 3.946977
1 0 7.466772
3 0 0.736286
6 1 0.377022
3 1 1.833289
6 0 5.653505
3 0 1.299105
4 0 0.706588
6 1 1.452973
3 1 10.761646
3 0 0.262806
4 1 1.495966
1 1 0.857521
1 0 0.224514
2 1 6.871702
4 0 3.193274
3 1 3.501918
3 0 2.304266
5 0 0.297987
3 1 0.007292
1 1 2.936744
5 1 1.824331
1 0 1.409121
5 0 4.966441
2 0 0.033118
3 0 3.057300
3 1 7.053967
1 1 0.685829
1 0 0.393365
3 0 0.996735
2 1 4.214653
6 0 3.340614
6 1 1.941726
6 0 0.675291
3 1 1.875448
1 1 0.783948
1 0 8.863063
3 0 1.487325
3 1 1.522095
4 1 2.248008
3 0 0.439975
6 1 1.536685
1 1 1.218319
3 1 0.841490
1 0 1.692055
5 1 2.771340
4 0 0.694515
1 1 0.832963
6 0 1.432674
6 1 0.317998
3 0 2.874687
1 0 7.889208
3 1 1.613276
3 0 4.863700
4 1 0.155446
1 1 1.469548
4 0 0.158674
5 0 0.285472
2 0 3.196266
1 0 0.251965
1 1 3.306145
4 1 0.951675
1 0 0.839837
4 0 0.387298
6 0 0.263968
2 1 0.619984
3 1 7.521137
6 1 2.832854
1 1 3.608717
1 0 6.177371
5 1 5.012011
2 0 0.076230
6 0 3.379606
1 1 0.510685
2 1 4.832083
4 1 0.017346
2 0 3.696546
1 0 3.278368
2 1 0.039035
1 1 1.024423
4 0 5.740446
2 0 0.613501
1 0 0.555301
3 0 1.825668
5 0 0.176263
1 1 0.717935
6 1 5.257973
2 1 0.154125
5 1 4.163477
6 0 3.901880
4 1 0.345700
5 0 3.340526
2 0 4.821587
1 0 0.326327
5 1 1.054308
4 0 1.855725
3 1 2.292659
5 0 0.259647
3 0 0.223079
3 1 1.598903
5 1 3.212612
4 1 3.615800
3 0 4.825739
1 1 3.225195
1 0 2.076558
4 0 0.014078
3 1 0.914768
4 1 3.432370
3 0 0.015872
6 1 0.468585
4 0 5.420082
4 1 0.558899
2 1 0.109778
4 0 1.548443
1 1 0.084239
2 0 0.481167
2 1 1.132121
2 0 0.525170
4 1 2.844471
2 1 3.314696
1 0 0.957262
6 0 0.686304
4 0 0.104518
3 1 3.793908
1 1 1.321988
4 1 2.618980
6 1 1.059216
4 0 0.426376
5 0 0.745875
2 0 0.484983
4 1 0.803534
5 1 0.907733
4 0 1.920848
1 0 0.278276
5 0 6.171260
6 0 2.741251
2 1 3.575127
6 1 2.403844
5 1 0.604902
4 1 1.025203
3 0 1.430067
2 0 1.209069
5 0 0.263873
1 1 0.827800
5 1 0.680151
5 0 3.780930
2 1 1.108542
3 1 4.080196
4 0 0.105402
6 0 0.781195
2 0 0.616121
6 1 5.330022
5 1 0.566756
3 0 0.901733
6 0 2.230979
6 1 0.169745
4 1 7.407743
2 1 3.615646
1 0 2.751054
3 1 0.244760
2 0 3.041488
3 0 0.426871
3 1 1.064791
5 0 1.230233
4 0 1.463433
6 0 4.756800
2 1 4.461235
5 1 4.682858
6 1 2.513329
1 1 1.767107
4 1 2.215869
2 0 0.111582
6 0 0.063661
2 1 3.925114
3 0 1.282738
2 0 0.528558
1 0 0.926208
5 0 0.247000
3 1 9.566032
2 1 0.598656
1 1 3.328611
4 0 1.876994
4 1 0.862092
4 0 2.071655
6 1 0.916531
4 1 0.794525
3 0 3.124524
6 0 3.570749
1 0 5.318099
1 1 3.400984
2 0 1.817140
1 0 4.093520
4 0 1.601321
1 1 0.487358
5 1 0.251638
6 1 1.449935
4 1 4.416387
2 1 14.387853
5 0 0.460668
6 0 0.444531
4 0 2.081047
6 1 7.284756
4 1 1.703984
3 1 4.959493
5 1 4.055703
1 0 2.835351
2 0 13.437061
6 0 2.500000
