3 1 0.101590
5 1 0.222063
2 1 0.794851
4 1 0.882192
4 0 0.045289
3 0 0.076266
5 0 0.040841
1 1 0.831011
3 1 0.597395
3 0 0.146771
5 1 0.587856
5 0 0.000863
2 0 0.023983
3 1 0.260614
3 0 0.660276
4 1 0.544223
6 1 1.415323
6 0 0.517511
1 0 0.028834
2 1 0.017548
5 1 0.218576
1 1 1.834902
6 1 0.137582
2 0 0.314373
1 0 0.513111
1 1 0.029403
1 0 0.220982
1 1 2.949431
1 0 0.840127
6 0 0.769950
4 0 1.090162
2 1 1.210948
3 1 0.317179
5 0 0.550630
5 1 1.457364
5 0 0.690635
5 1 1.390955
1 1 0.173840
5 0 0.595536
4 1 0.823162
5 1 0.441862
5 0 1.431560
3 0 0.696542
5 1 0.587354
3 1 0.547431
3 0 1.061604
4 0 0.512488
6 1 1.784439
5 0 0.020651
5 1 0.553712
3 1 0.378013
2 0 1.377557
1 0 0.296641
2 1 3.103413
6 0 0.014465
2 0 0.386269
1 1 0.179685
5 0 0.390394
3 0 0.002967
6 1 1.141110
4 1 0.617668
1 0 0.017567
4 0 0.305412
1 1 0.121796
3 1 0.149998
1 0 0.271767
6 0 0.498633
1 1 1.486211
5 1 0.730366
5 0 0.138132
2 1 0.647034
6 1 0.259006
5 1 2.793179
4 1 0.726444
1 0 1.207288
4 0 0.875022
2 0 0.824252
5 0 0.639336
2 1 0.188783
1 1 0.023834
4 1 0.220786
5 1 0.120412
1 0 0.610712
2 0 0.393212
6 0 0.814195
5 0 0.145546
5 1 0.544497
1 1 0.334848
6 1 0.009857
3 0 0.197966
2 1 1.655999
5 0 0.914911
2 0 0.067479
1 0 0.586907
4 0 1.099059
4 1 0.278354
5 1 1.566777
2 1 0.099411
4 0 0.473623
5 0 0.082478
5 1 0.826092
1 1 0.403761
6 0 0.455594
2 0 1.034931
1 0 0.220457
2 1 0.463490
6 1 0.805273
5 0 1.306963
3 1 0.275475
3 0 1.185689
4 1 0.866459
2 0 0.970554
2 1 0.625976
3 1 0.099662
1 1 0.042120
5 1 0.260457
1 0 0.287792
4 0 0.033995
6 0 0.244663
3 0 0.781186
1 1 0.470485
4 1 0.032342
5 0 0.231097
1 0 0.944322
5 1 0.109413
6 1 1.747092
1 1 0.149907
1 0 0.681663
1 1 0.517388
3 1 0.660693
4 0 0.612499
6 0 0.713560
3 0 0.451851
3 1 0.102980
4 1 0.240146
4 0 0.276342
2 0 1.232359
3 0 0.315537
3 1 0.016817
3 0 0.429917
4 1 1.011184
2 1 0.455050
4 0 0.086585
4 1 0.193947
5 0 0.231420
4 0 0.545375
6 1 0.596174
1 0 0.263793
1 1 0.327155
4 1 0.068907
4 0 0.905206
2 0 0.192481
1 0 0.179878
2 1 0.613400
5 1 1.485614
3 1 1.295307
2 0 0.225925
2 1 0.922050
1 1 0.600248
1 0 0.211669
1 1 0.604293
4 1 0.516779
6 0 0.410761
1 0 0.354324
2 0 1.413186
4 0 0.529007
1 1 1.197837
5 0 0.138169
4 1 0.892570
4 0 1.496301
2 1 0.545024
2 0 0.515589
6 1 0.541769
6 0 0.392623
4 1 0.058867
5 1 0.838314
6 1 0.473812
2 1 0.498297
1 0 0.055543
1 1 0.059883
3 0 0.371690
3 1 0.386579
1 0 0.367496
1 1 0.113809
5 0 1.405580
1 0 0.177233
2 0 2.374174
2 1 2.224276
1 1 0.593093
3 0 0.529038
5 1 0.126875
1 0 0.959189
4 0 1.135668
2 0 1.486626
4 1 1.564887
1 1 1.942980
1 0 0.437752
2 1 1.451300
3 1 1.338013
3 0 0.819154
5 0 0.469725
4 0 0.369183
1 1 0.793053
6 0 0.840834
6 1 0.166373
2 0 0.600768
5 1 0.227966
1 0 1.011676
4 1 0.198566
1 1 0.135637
2 1 0.720572
2 0 0.326535
1 0 0.064746
4 0 0.226762
3 1 0.019535
2 1 1.760865
2 0 0.060423
2 1 0.084968
2 0 0.010448
6 0 0.168525
5 0 0.315915
6 1 0.700840
6 0 0.217689
1 1 0.113814
2 1 0.965853
2 0 2.838806
6 1 0.079610
3 0 0.609665
4 1 0.612029
5 1 0.072940
2 1 0.278990
4 0 0.712217
2 0 0.658944
3 1 0.210517
3 0 0.153798
1 0 0.607448
5 0 0.437394
3 1 0.184042
6 0 1.403962
3 0 6.074413
6 1 1.515553
4 1 0.815249
4 0 0.220733
2 1 0.350414
4 1 0.880690
6 0 0.760309
3 1 1.944399
1 1 0.231235
2 0 0.935398
5 1 0.744824
5 0 0.127846
6 1 0.751601
3 0 0.036471
6 0 0.087538
4 0 0.136992
3 1 0.617563
3 0 0.462329
3 1 0.219541
2 1 0.557887
4 1 0.013303
4 0 1.329392
3 0 1.669000
6 1 0.420586
5 1 0.222653
6 0 0.417692
1 0 0.281694
1 1 1.940960
1 0 0.544980
5 0 0.770898
2 0 0.071653
2 1 0.399404
5 1 0.040410
1 1 0.486255
3 1 1.579232
6 1 0.457865
5 0 0.547482
2 0 1.464695
4 1 1.672480
6 0 0.463655
2 1 0.762651
3 0 0.217420
2 0 0.119357
5 1 0.826967
3 1 0.225072
3 0 0.004682
5 0 0.186637
5 1 1.439109
6 1 0.043897
3 1 0.500466
2 1 1.435831
4 0 0.160066
6 0 0.340097
3 0 0.268665
2 0 1.720251
2 1 0.070063
3 1 0.739774
6 1 1.840676
5 0 0.863567
4 1 1.593358
1 0 0.564842
4 0 0.197226
3 0 0.794937
3 1 0.603147
4 1 0.347368
3 0 0.948933
4 0 1.167979
3 1 1.526538
1 1 0.042721
4 1 1.748811
3 0 0.007502
4 0 0.586241
2 0 0.199874
6 0 1.599626
3 1 1.825746
2 1 0.155027
5 1 0.012663
2 0 0.277111
6 1 1.796172
2 1 0.098785
3 0 0.016871
3 1 0.161408
2 0 0.260114
2 1 0.083629
6 0 0.743867
5 0 0.292739
2 0 0.144158
1 0 2.328638
2 1 0.017277
3 0 0.137643
3 1 0.618005
2 0 1.900523
4 1 2.291786
1 1 2.263202
6 1 0.977592
5 1 1.030065
4 0 1.153152
4 1 3.020794
6 0 1.035614
6 1 0.071999
1 0 0.434464
3 0 0.145435
4 0 0.859507
3 1 0.296280
4 1 0.038048
6 0 0.213170
5 0 0.389282
4 0 0.246752
6 1 1.764908
2 1 0.333828
3 0 0.835509
2 0 1.009460
3 1 1.469042
1 1 3.164092
3 0 0.312872
5 1 0.012769
3 1 0.086972
4 1 2.058142
4 0 0.977405
2 1 0.333267
4 1 2.257512
4 0 0.106138
5 0 0.177080
3 0 0.461673
6 0 0.587774
1 0 2.879354
3 1 1.578787
4 1 0.374447
4 0 0.160816
5 1 0.041749
4 1 0.219294
1 1 1.717382
5 0 0.616272
3 0 0.091202
4 0 0.509385
2 0 0.877015
4 1 0.898603
4 0 0.727793
5 1 1.276975
5 0 0.157883
5 1 1.149570
5 0 1.646844
2 1 1.484905
4 1 0.777215
6 1 0.733876
2 0 0.203919
1 0 1.182426
1 1 0.226988
1 0 1.154809
3 1 0.175196
6 0 1.833790
3 0 0.717156
3 1 0.029305
5 1 0.566471
5 0 1.344522
4 0 0.182100
3 0 0.028502
1 1 1.546547
6 1 0.164199
4 1 0.328789
1 0 0.461276
5 1 0.907567
5 0 0.262863
6 0 0.348659
3 1 0.349702
5 1 0.082187
6 1 0.907343
1 1 0.248316
6 0 0.293962
6 1 2.580892
6 0 0.305562
5 0 0.205209
5 1 0.752604
5 0 1.178292
2 1 0.033124
6 1 0.578639
2 0 0.063616
5 1 0.288284
3 0 0.476414
1 0 0.211142
6 0 0.551254
6 1 1.399792
2 1 1.947787
5 0 0.463066
4 0 1.468450
5 1 0.046253
5 0 0.453455
1 1 1.051056
6 0 0.529630
3 1 0.075845
3 0 0.826333
6 1 0.728345
2 0 0.603686
5 1 0.293863
3 1 2.552717
1 0 0.290749
1 1 1.877557
2 1 0.319016
6 0 0.380490
5 0 0.271900
1 0 0.910994
1 1 0.446704
4 1 2.739858
3 0 1.691483
6 1 1.040444
6 0 0.835454
1 0 1.704842
6 1 0.176584
3 1 0.449982
4 0 0.505747
2 0 0.294416
4 1 2.785849
1 1 0.650978
1 0 0.466283
4 0 1.093624
3 0 1.043058
2 1 0.215591
1 1 0.057456
1 0 2.785620
2 0 0.523965
3 1 0.174092
4 1 0.230711
3 0 2.168877
2 1 0.441476
3 1 0.711036
1 1 0.204739
1 0 0.240329
4 0 2.589657
2 0 1.015846
1 1 2.258970
2 1 0.254235
3 0 0.089213
6 0 0.182664
6 1 0.072553
5 1 0.357488
1 0 0.022877
5 0 0.070803
6 0 0.068090
4 1 0.478357
6 1 0.542350
4 0 0.704190
5 1 0.962027
5 0 0.612108
6 0 0.024890
2 0 0.520582
5 1 0.081539
1 1 1.528943
4 1 0.102721
2 1 0.030704
2 0 0.188301
5 0 0.053526
6 1 1.068628
3 1 0.015518
2 1 3.151437
4 0 0.924122
2 0 0.364493
4 1 0.310423
1 0 0.810233
1 1 0.085928
5 1 0.658297
2 1 0.022043
5 0 0.257958
4 0 1.005372
4 1 0.073010
5 1 1.712062
5 0 0.796371
2 0 0.804907
3 0 0.357542
5 1 0.270732
3 1 0.076690
4 0 0.026810
3 0 0.165446
5 0 0.129032
3 1 0.379140
1 0 0.269426
6 0 0.151759
5 1 0.309832
1 1 0.688301
6 1 0.291374
5 0 0.033558
2 1 0.781498
6 0 0.666187
3 0 0.414287
3 1 0.727490
1 0 0.346448
6 1 0.493586
2 0 0.111595
5 1 0.009397
5 0 0.760206
4 1 0.306355
2 1 0.143496
3 0 0.677590
5 1 0.607535
1 1 0.487695
4 0 0.378289
6 0 0.871759
3 1 0.777286
1 0 0.142062
2 0 0.740776
4 1 0.157876
5 0 0.147348
6 1 0.824494
2 1 0.636594
2 0 0.723778
1 1 0.375968
6 0 0.588479
4 0 2.024596
3 0 0.592310
6 1 0.885565
5 1 1.088842
4 1 0.111247
4 0 2.089444
2 1 1.256916
5 0 2.069372
4 1 0.295050
6 0 1.573740
3 1 0.132543
6 1 0.267547
4 0 1.118209
5 1 0.188369
6 0 0.054519
5 0 0.030666
2 0 0.036268
3 0 0.166263
2 1 0.091022
2 0 0.128874
5 1 0.048079
5 0 0.194778
5 1 0.401524
6 1 0.136229
5 0 1.580936
4 1 1.924415
3 1 1.096070
6 0 0.002322
2 1 0.868574
6 1 0.767248
4 0 0.317027
3 0 0.718036
5 1 0.872744
1 0 1.482766
2 0 0.151156
1 1 0.507356
6 0 0.047069
2 1 0.882084
2 0 1.561061
3 1 2.173542
5 0 0.242825
2 1 0.024081
1 0 0.246581
6 1 1.210856
5 1 0.640075
1 1 0.302379
5 0 1.631520
2 0 1.445324
6 0 0.731346
1 0 0.348070
6 1 2.057458
1 1 0.629421
2 1 0.360895
1 0 0.085528
4 1 1.442284
6 0 0.170821
4 0 0.485564
4 1 0.143083
1 1 0.976321
5 1 1.731971
2 0 0.022486
2 1 0.583611
4 0 0.006172
6 1 0.603730
4 1 0.213635
4 0 0.655464
1 0 0.096487
6 0 1.720286
5 0 1.283999
1 1 0.155292
4 1 0.174244
1 0 0.483336
1 1 0.513726
1 0 0.120422
1 1 1.138453
1 0 1.305303
3 0 0.904536
3 1 1.732403
4 0 0.602524
2 0 1.564278
2 1 0.098968
3 0 1.782507
6 1 0.877659
2 0 1.951756
4 1 3.457967
5 1 1.274871
4 0 0.025626
6 0 0.622983
4 1 0.455124
1 1 0.030750
1 0 0.892212
2 1 1.194754
4 0 0.259444
6 1 0.493389
4 1 0.303330
1 1 0.282266
5 0 0.561517
2 0 1.321632
2 1 0.160777
2 0 0.285683
1 0 0.528056
3 1 1.342011
3 0 0.392072
2 1 0.267053
2 0 0.041871
2 1 0.208184
6 0 0.359388
5 1 0.367637
5 0 0.370343
6 1 1.751166
2 0 0.013372
6 0 0.387969
4 0 0.311128
6 1 1.169643
5 1 0.442610
3 1 0.007243
4 1 1.484455
3 0 0.228223
2 1 0.008862
1 1 0.549268
4 0 0.418485
1 0 1.326849
1 1 0.649159
6 0 1.775772
1 0 0.652958
3 1 0.529169
1 1 0.021524
4 1 0.319548
6 1 1.158730
1 0 0.088515
6 0 1.880197
1 1 0.237846
2 0 0.677446
2 1 0.382786
3 0 0.237451
5 0 1.718013
5 1 0.811566
5 0 0.380583
2 0 1.111675
2 1 1.587089
6 1 0.775033
2 0 1.476259
3 1 0.591775
1 0 0.399572
6 0 0.499725
2 1 2.349165
6 1 0.425773
3 0 0.227780
1 1 0.095230
5 1 0.709895
6 0 0.094479
3 1 0.192330
6 1 0.277229
3 0 0.916287
2 0 0.451216
3 1 0.879107
1 0 1.499484
1 1 1.833525
4 0 1.389863
3 0 0.206721
6 0 0.185219
1 0 1.556574
2 1 0.802420
1 1 0.430766
3 1 0.285021
3 0 0.132955
4 1 0.787613
4 0 0.286994
1 0 0.156216
4 1 0.016804
4 0 0.559610
3 1 2.761620
1 1 0.674249
1 0 0.782035
5 0 1.196786
3 0 0.401561
1 1 0.757542
6 1 0.069817
1 0 0.117551
2 0 0.494672
3 1 0.171466
2 1 0.815298
5 1 0.317069
6 0 0.148479
3 0 2.551183
1 1 0.518151
2 0 0.004621
5 0 0.083483
1 0 0.471292
3 1 1.018741
2 1 0.863800
6 1 1.070762
5 1 1.260658
6 0 1.419455
1 1 0.132024
6 1 0.264729
5 0 0.173195
4 1 0.366922
3 0 0.876372
4 0 1.368730
6 0 0.269004
5 1 0.971197
2 0 0.431539
6 1 0.805822
3 1 0.045222
6 0 0.150983
5 0 0.468905
6 1 0.225959
2 1 0.576095
3 0 0.562964
6 0 0.685333
5 1 0.263946
1 0 0.333616
3 1 2.113954
5 0 0.605199
4 1 0.383054
5 1 0.952232
6 1 0.491651
4 0 0.867223
4 1 0.134682
3 0 0.610806
4 0 0.077398
2 0 1.817986
5 0 0.372637
4 1 0.495751
6 0 0.563423
1 1 0.955888
5 1 1.349980
2 1 0.865890
5 0 1.156695
4 0 0.970671
4 1 0.532632
2 0 0.336184
6 1 1.003097
2 1 0.295777
1 0 0.262787
2 0 0.485800
6 0 0.133102
1 1 0.144697
1 0 0.052570
2 1 0.063383
3 1 0.608834
6 1 0.314440
5 1 1.605299
3 0 0.748142
5 0 0.519825
4 0 1.976410
2 0 0.613525
1 1 1.003860
1 0 1.580944
4 1 0.470385
5 1 0.031418
3 1 0.519132
6 0 0.022128
2 1 0.160737
2 0 1.664070
5 0 0.235034
3 0 0.551158
3 1 0.933495
6 1 1.020070
3 0 0.394599
2 1 0.425572
6 0 1.069880
6 1 2.649644
6 0 0.676478
3 1 0.628770
3 0 1.491517
1 1 0.536255
2 0 0.037743
5 1 0.601211
5 0 0.541558
2 1 4.186048
3 1 0.864672
2 0 0.681238
5 1 0.878662
4 0 0.363093
1 0 0.761153
6 1 1.764597
2 1 0.083834
3 0 0.716949
4 1 0.712732
6 0 0.168765
3 1 0.281544
5 0 0.537034
6 1 0.035574
6 0 0.653470
6 1 0.999016
1 1 0.310094
1 0 1.328993
5 1 1.064465
1 1 0.739445
3 0 0.764804
3 1 2.419275
5 0 1.147939
5 1 0.939645
3 0 1.540880
6 0 0.870993
4 0 0.191514
6 1 0.263205
3 1 0.173304
4 1 0.591481
5 0 0.258860
6 0 0.054552
3 0 1.071279
6 1 0.145726
3 1 1.810064
3 0 0.889814
1 0 0.527021
1 1 0.204279
1 0 0.788020
4 0 0.601661
4 1 1.442639
6 0 0.080284
1 1 1.025228
3 1 0.026484
5 1 0.862012
5 0 0.161720
2 0 0.185043
3 0 1.088495
1 0 1.017880
2 1 0.062895
6 1 0.832609
1 1 1.230216
6 0 0.088970
3 1 0.003640
6 1 0.840910
5 1 0.187280
2 0 2.153165
6 0 0.231248
4 0 0.169778
5 0 0.969044
1 0 0.224091
3 0 1.199476
1 1 0.008618
6 1 0.068144
1 0 0.046869
6 0 1.081965
6 1 0.081769
6 0 1.062228
2 1 1.081182
4 1 0.325783
2 0 2.434996
2 1 0.858774
3 1 0.269832
1 1 0.348727
6 1 1.494436
1 0 1.334514
5 1 0.439455
1 1 0.726199
2 0 0.719523
5 0 0.361190
1 0 0.051471
1 1 2.602471
2 1 0.412144
4 0 0.365485
5 1 0.418112
1 0 0.361845
4 1 1.437822
4 0 0.338800
4 1 0.381981
4 0 0.865050
4 1 0.001290
4 0 0.888745
4 1 0.013422
5 0 0.147516
2 0 0.448246
6 0 0.477134
1 1 1.235027
2 1 1.890189
1 0 0.211767
5 1 0.098159
4 0 0.024399
3 0 0.160878
5 0 0.151276
3 1 0.377215
3 0 2.508746
5 1 0.242105
6 1 1.096940
3 1 0.218724
6 0 1.007806
6 1 0.192222
3 0 1.562059
6 0 0.025894
3 1 0.794926
1 1 1.205954
2 0 2.028047
2 1 0.283251
6 1 0.590465
1 0 0.966508
1 1 0.137630
6 0 1.157403
4 1 1.068910
3 0 0.174492
4 0 2.209824
1 0 0.786620
4 1 0.468532
1 1 1.753537
1 0 0.700436
1 1 0.324978
3 1 0.408899
3 0 0.083592
4 0 0.374298
3 1 0.228928
4 1 1.160119
2 0 0.030200
1 0 0.561898
2 1 0.853785
6 1 0.568629
6 0 0.491255
3 0 1.379963
1 1 0.985186
2 0 0.931830
1 0 2.011693
1 1 0.233421
3 1 2.025333
3 0 0.193239
4 0 0.045816
1 0 0.795855
6 1 0.217954
6 0 0.244422
1 1 0.379845
3 1 1.669288
2 1 0.469596
4 1 1.112475
6 1 0.278129
1 0 0.227167
2 0 1.251626
5 0 0.596029
2 1 0.686002
5 1 0.300771
2 0 1.223307
2 1 0.934811
2 0 1.201894
4 0 0.009554
5 0 0.519622
2 1 0.368863
2 0 0.426369
6 0 0.677395
1 1 0.899235
2 1 1.223680
2 0 1.351685
2 1 0.284526
3 0 0.211224
6 1 0.040071
1 0 0.387224
6 0 0.156590
3 1 0.295222
1 1 0.109472
2 0 0.322187
1 0 0.011905
2 1 0.094418
6 1 0.029292
2 0 1.769052
3 0 0.379730
3 1 1.952620
1 1 0.346287
2 1 0.478034
4 1 1.438175
4 0 0.186214
6 0 0.175624
4 1 0.967633
5 1 1.799283
5 0 1.066270
4 0 0.117013
3 0 0.221421
3 1 0.303013
3 0 1.582100
5 1 0.763803
6 1 0.324696
2 0 0.126562
6 0 0.733481
2 1 0.150012
5 0 0.157997
6 1 0.932185
6 0 0.244668
4 1 0.041733
2 0 0.348287
4 0 0.200297
5 1 1.214889
4 1 0.440876
4 0 0.213715
4 1 0.261603
4 0 0.012874
4 1 1.013823
5 0 0.660130
3 1 0.042293
1 0 1.480201
6 1 0.499408
4 0 0.623752
2 1 0.869773
3 0 0.168922
4 1 0.779438
4 0 1.109336
2 0 0.250318
2 1 0.537249
4 1 1.423808
4 0 0.253046
3 1 0.057494
6 0 0.610251
3 0 0.213813
3 1 0.919186
6 1 0.343930
3 0 0.459640
4 1 0.754797
5 1 0.305632
3 1 1.010084
5 0 0.632156
4 0 0.134093
3 0 0.264730
2 0 0.172938
5 1 0.317838
1 1 0.105716
4 1 0.546043
1 0 0.249379
1 1 0.272246
2 1 0.811286
1 0 0.139183
1 1 1.175770
5 0 0.554409
3 1 0.532702
6 0 0.568395
1 0 0.146000
3 0 2.011171
6 1 0.198387
1 1 0.421475
2 0 0.893942
6 0 0.393971
1 0 0.108954
1 1 0.404900
1 0 0.068761
2 1 1.907404
2 0 0.980587
3 1 0.442253
4 0 0.416967
4 1 0.238155
3 0 1.009494
4 0 0.187592
2 1 0.385974
5 1 0.213583
5 0 0.523229
5 1 0.123511
6 1 0.422150
2 0 0.083403
4 1 0.127596
5 0 0.995558
4 0 2.012868
2 1 0.197743
5 1 0.101374
6 0 0.343416
2 0 0.046256
5 0 0.461260
6 1 0.171356
5 1 0.208868
6 0 0.497320
2 1 0.988090
4 1 0.042806
5 0 0.404340
3 1 0.131523
3 0 1.014932
1 1 0.807738
2 0 0.161300
3 1 0.198856
5 1 0.245083
3 0 0.805277
1 0 0.500357
2 1 0.761908
1 1 0.753596
6 1 0.262199
2 0 0.224768
4 0 0.251492
2 1 0.025664
2 0 0.451405
6 0 0.816468
2 1 0.164671
4 1 0.298377
4 0 0.869772
4 1 0.200850
6 1 0.169764
3 1 0.048056
3 0 0.974786
2 0 2.032316
1 0 0.450072
5 0 0.318464
4 0 1.910972
3 1 0.783875
6 0 1.046639
5 1 0.437532
6 1 1.055524
4 1 1.179537
4 0 1.297428
4 1 0.194254
3 0 0.424321
4 0 0.338663
4 1 0.328614
6 0 0.271329
2 1 0.332570
5 0 0.602452
5 1 0.627416
6 1 0.424887
1 1 0.294981
3 1 0.473081
5 0 0.516120
3 0 0.701168
3 1 0.033580
5 1 0.483484
1 0 0.162370
4 0 1.494983
4 1 1.194711
6 0 0.202147
3 0 0.528228
4 0 0.822229
2 0 0.611224
2 1 0.351198
2 0 0.343740
6 1 0.984611
3 1 0.122283
6 0 0.121289
5 0 0.020090
2 1 0.186570
5 1 0.586146
3 0 0.996710
6 1 1.316431
2 0 0.157502
2 1 0.604147
5 0 1.968103
5 1 0.114011
1 1 0.402304
3 1 0.383820
5 0 0.192857
3 0 0.263977
4 1 0.177781
6 0 0.870740
5 1 0.217314
3 1 0.091466
3 0 0.172492
1 0 0.351428
6 1 4.296616
2 0 0.128520
6 0 0.370433
4 0 1.089229
1 1 0.329568
3 1 1.890818
2 1 0.749041
1 0 0.309049
4 1 1.389241
1 1 1.788376
3 0 0.591949
6 1 0.901695
4 0 0.779466
6 0 0.216474
6 1 0.691920
6 0 1.465703
3 1 0.314496
4 1 0.825516
3 0 4.001553
3 1 0.488814
1 0 0.589894
6 1 0.021250
1 1 0.913748
3 0 0.394889
2 0 0.168929
6 0 1.636609
6 1 0.292084
2 1 0.400278
4 0 0.941552
3 1 0.919041
2 0 0.136588
6 0 0.323032
4 1 1.009140
3 0 0.606973
4 0 1.393050
6 1 1.813432
3 1 1.629257
3 0 0.346379
1 0 0.043674
6 0 0.686504
6 1 1.051504
1 1 0.979644
5 0 0.697369
4 1 1.044429
1 0 1.009587
5 1 0.057938
5 0 0.691370
6 0 0.439954
1 1 0.515633
1 0 0.853444
4 0 0.077562
4 1 0.484742
4 0 1.710964
2 1 0.848839
6 1 1.263012
2 0 1.049348
6 0 0.475691
1 1 1.393690
6 1 1.154504
3 1 0.010967
2 1 0.816517
3 0 1.214537
6 0 0.582761
6 1 0.188546
6 0 0.810780
6 1 0.236408
1 0 1.077258
6 0 0.090645
3 1 1.339008
3 0 0.167900
3 1 0.699922
4 1 0.588039
4 0 1.063214
5 1 0.362512
3 0 1.624852
3 1 1.087662
1 1 0.783054
1 0 0.606758
6 1 0.098039
4 1 0.524875
1 1 0.280467
3 0 0.170024
1 0 0.272789
2 0 0.086612
2 1 0.123011
3 1 1.697165
3 0 0.187572
4 0 2.551099
3 1 2.327142
5 0 0.092822
1 1 1.115126
2 0 0.431122
6 0 0.026872
3 0 0.674718
6 1 0.779890
4 1 0.057281
3 1 0.363224
1 0 0.054049
2 1 0.587332
2 0 1.213701
1 1 0.314031
2 1 0.823485
6 0 0.396467
6 1 0.530835
1 0 1.614758
5 1 0.047884
6 0 0.134273
4 0 1.020968
4 1 0.817531
5 0 1.237691
1 1 0.085936
3 0 0.897544
1 0 3.851724
1 1 0.061384
1 0 1.892671
2 0 0.914354
4 0 0.982862
6 1 1.384908
2 1 0.990870
5 1 0.170820
1 1 0.131926
4 1 0.863200
1 0 0.033493
3 1 0.560103
3 0 0.079985
1 1 0.455097
2 0 0.117901
4 0 0.947808
2 1 0.000643
2 0 0.091238
5 0 0.018985
3 1 0.289342
6 0 1.173942
1 0 0.510895
3 0 1.036903
1 1 0.906825
1 0 0.195945
5 1 1.203396
2 1 0.108445
3 1 0.023525
4 1 0.104667
5 0 0.248354
2 0 1.091935
4 0 1.073051
6 1 0.201507
3 0 0.815892
4 1 0.622916
5 1 0.093273
1 1 1.138854
1 0 0.333256
1 1 0.021504
1 0 0.278180
6 0 0.219707
1 1 0.302740
6 1 0.059414
4 0 2.054271
5 0 0.329040
1 0 0.959071
3 1 0.269415
5 1 2.077465
4 1 0.063773
2 1 0.015303
5 0 3.460379
4 0 0.214269
6 0 0.290950
6 1 0.265253
6 0 0.168478
2 0 0.103942
4 1 1.157347
2 1 0.040276
5 1 1.366377
3 0 1.376335
2 0 0.135115
3 1 0.958833
6 1 0.088081
5 0 1.233687
2 1 5.110475
5 1 0.397771
3 0 0.464790
2 0 0.327270
1 1 0.714728
4 0 1.042461
3 1 0.950820
4 1 1.511401
5 0 0.662733
5 1 0.828569
6 0 2.344930
2 1 0.230002
5 0 0.475338
6 1 1.205051
5 1 0.943764
6 0 0.038522
2 0 0.538506
2 1 0.699702
6 1 0.309431
5 0 0.260207
5 1 0.081162
4 0 0.425748
2 0 3.088532
4 1 0.058516
4 0 0.062683
2 1 0.106239
6 0 0.196804
1 0 0.319096
4 1 0.054601
5 0 4.076486
5 1 1.169473
5 0 0.585057
5 1 1.314278
3 0 0.124868
2 0 1.732401
1 1 0.958310
1 0 0.484021
6 1 0.122520
3 1 0.336263
6 0 0.750321
6 1 0.086596
4 0 0.585584
1 1 0.686882
4 1 0.629806
1 0 1.458760
2 1 0.070230
2 0 0.114074
2 1 0.313315
6 0 0.946522
3 0 0.122575
6 1 1.539838
3 1 0.463947
2 0 0.875993
1 1 0.242659
2 1 0.185184
6 0 0.980068
3 0 0.132072
5 0 0.577711
4 0 0.074605
5 1 0.379713
2 0 0.474914
5 0 0.009939
6 1 0.393966
3 1 0.236575
2 1 0.097498
2 0 1.224073
4 1 0.365812
6 0 0.116320
5 1 0.081385
4 0 3.259458
5 0 1.053159
3 0 0.973930
5 1 0.133486
6 1 4.239757
5 0 1.003564
5 1 0.241413
2 1 0.989905
1 0 0.357352
3 1 1.381381
6 0 1.459199
2 0 0.514818
6 1 0.761036
4 1 0.799132
4 0 0.393691
6 0 0.495231
2 1 0.085108
4 1 1.865485
5 0 0.361166
1 1 1.829277
1 0 0.986248
5 1 0.171333
6 1 0.614424
6 0 0.301745
5 0 0.435941
4 0 0.322629
2 0 0.042131
4 1 1.073985
5 1 0.447018
4 0 0.473362
4 1 0.139783
3 0 0.249448
3 1 0.964595
4 0 0.487894
3 0 0.254154
2 1 0.473020
2 0 1.633505
3 1 0.046743
4 1 0.729840
4 0 0.564916
6 1 0.499918
6 0 3.036089
3 0 0.741549
6 1 2.052729
1 1 0.246371
1 0 0.001737
1 1 1.132336
2 1 1.323100
4 1 0.061987
6 0 1.135216
6 1 0.236493
1 0 0.442806
1 1 2.110192
1 0 0.721028
1 1 1.799026
6 0 0.616055
3 1 0.501294
1 0 0.131126
3 0 0.433179
2 0 0.891599
6 1 0.740706
3 1 0.713017
5 0 3.977999
2 1 0.165879
4 0 0.294435
6 0 1.482924
2 0 2.460218
1 1 0.128240
4 1 2.598350
2 1 0.280250
4 0 0.096352
1 0 0.785955
2 0 2.970532
3 0 0.276582
3 1 0.422765
6 1 0.118054
1 1 0.199270
5 1 0.177268
1 0 0.261435
6 0 0.169524
1 1 0.144830
2 1 0.337608
4 1 0.731587
2 0 0.501925
1 0 0.809388
5 0 0.314347
4 0 1.535900
4 1 0.721566
4 0 0.439827
4 1 1.176316
2 1 0.611486
1 1 0.984363
2 0 0.144407
6 1 0.099961
5 1 0.289286
4 0 2.061278
6 0 1.607334
4 1 0.003782
5 0 0.270922
6 1 0.347984
1 0 2.402746
1 1 0.251084
5 1 0.006314
4 0 0.617319
2 1 0.237096
2 0 0.509286
3 0 1.779181
3 1 0.337300
1 0 0.612251
3 0 0.004454
2 1 0.508533
1 1 0.084135
4 1 1.968872
3 1 1.252332
4 0 0.145037
4 1 0.150032
2 0 0.139725
1 0 2.795991
4 0 0.060076
5 0 0.391121
3 0 1.858768
3 1 0.199803
1 1 0.295013
4 1 1.297235
5 1 0.054781
2 1 1.571424
3 0 1.016523
1 0 0.192056
2 0 0.079934
1 1 0.988711
5 0 0.140608
3 1 1.965568
2 1 0.840681
1 0 1.852532
5 1 0.340536
5 0 0.721810
1 1 0.905052
3 0 1.180230
3 1 0.150923
5 1 1.292518
6 0 0.760272
4 0 1.449339
1 0 1.365442
2 0 0.475667
2 1 0.386995
2 0 0.301994
1 1 0.005405
3 0 0.672858
2 1 0.139994
5 0 1.682989
6 1 0.114422
4 1 0.429743
4 0 0.636436
2 0 0.911909
2 1 0.531167
2 0 0.548920
5 1 0.566430
1 0 0.182266
5 0 0.290875
2 1 0.105697
4 1 1.527692
5 1 0.864047
3 1 0.437541
3 0 0.338718
5 0 0.443702
3 1 0.498700
3 0 0.191075
1 1 0.803236
5 1 1.721317
1 0 2.303293
4 0 0.409077
1 1 0.935167
5 0 0.035967
2 0 0.509609
5 1 1.298888
1 0 0.370666
1 1 0.643361
4 1 0.494373
3 1 0.119228
1 0 0.355365
6 0 0.067356
1 1 0.868026
1 0 0.015653
3 0 0.183718
6 1 1.405557
6 0 1.607508
1 1 0.395394
2 1 1.379456
4 0 0.745109
6 1 1.294654
2 0 0.071159
3 1 0.233638
6 0 0.497036
3 0 0.178366
2 1 0.997769
1 0 0.093368
3 1 1.014963
3 0 0.010221
2 0 0.423464
4 1 0.645708
3 1 1.133292
4 0 0.098178
4 1 0.330641
4 0 0.370670
2 1 3.566320
5 0 0.227804
6 1 0.780874
6 0 2.109368
1 1 0.910590
5 1 0.419495
6 1 1.504610
3 0 0.173079
5 0 0.312542
5 1 1.314061
4 1 0.178502
3 1 0.219446
1 0 0.009807
4 0 0.198986
3 0 1.202699
5 0 0.422359
2 0 1.020523
3 1 0.505372
1 1 1.481870
5 1 0.603455
6 0 0.132822
3 0 0.930592
1 0 0.025846
5 0 0.057611
1 1 0.060803
4 1 0.029649
4 0 0.213162
1 0 0.714288
5 1 1.081568
2 1 0.263655
1 1 0.018809
2 0 2.060325
3 1 0.045030
2 1 0.029447
1 0 0.040755
3 0 0.010269
4 1 0.324233
5 0 1.836663
3 1 0.128496
3 0 0.352360
2 0 0.840505
5 1 0.111061
6 1 1.650395
5 0 0.677942
4 0 0.231742
4 1 0.321014
5 1 0.517690
4 0 0.314251
4 1 0.992011
5 0 0.330336
4 0 0.039197
1 1 0.058853
2 1 0.196547
2 0 0.220118
4 1 0.133724
5 1 0.446093
4 0 2.617839
1 0 0.216052
6 0 0.019217
1 1 0.408535
2 1 0.853676
4 1 0.639119
6 1 0.545916
3 1 1.080061
2 0 0.741416
2 1 0.939524
2 0 0.952807
1 0 2.158330
6 0 0.163499
2 1 0.636273
3 0 0.115334
4 0 0.863776
4 1 0.071224
5 0 0.199596
2 0 0.182047
2 1 1.083172
4 0 0.102403
3 1 0.022336
6 1 0.433124
2 0 0.414592
6 0 0.631491
1 1 0.278271
3 0 1.480780
4 1 0.217337
4 0 0.200238
4 1 1.639687
6 1 0.418738
1 0 0.008524
2 1 0.341339
3 1 0.955189
2 0 0.567129
5 1 0.038741
1 1 0.172364
3 0 1.533348
2 1 0.109564
2 0 1.043075
6 0 0.464530
1 0 0.334991
6 1 0.652110
3 1 0.648053
3 0 1.661514
2 1 0.213266
1 1 0.569243
3 1 1.583564
3 0 0.430424
2 0 0.372622
4 0 0.179676
6 0 1.695126
6 1 0.187657
1 0 0.398886
1 1 0.416354
5 0 1.109989
1 0 0.093614
6 0 0.557027
3 1 0.024819
2 1 0.483853
4 1 1.227142
6 1 3.820941
5 1 0.721280
5 0 0.082607
6 0 2.032069
1 1 0.043981
3 0 0.164662
5 1 1.826998
2 0 0.847865
4 0 0.760048
4 1 2.030193
6 1 1.575435
5 0 0.096471
4 0 0.156145
5 1 2.014657
4 1 0.416211
1 0 0.017914
5 0 0.744076
5 1 0.119600
2 1 2.045041
3 1 0.475390
3 0 0.455648
4 0 0.037630
6 0 1.456509
5 0 5.874514
2 0 6.025476
1 1 2.500000
