5 1 2.444191
4 1 0.277410
3 1 0.348237
2 1 0.706484
2 0 0.882122
2 1 0.404811
1 1 1.806142
4 0 0.654639
5 0 0.484052
3 0 0.624532
1 0 0.527730
4 1 0.790097
5 1 0.190748
5 0 0.161997
6 1 0.185337
2 0 4.833483
5 1 1.684698
2 1 5.068639
5 0 0.964398
6 0 1.112061
4 0 0.536465
6 1 0.141622
1 1 1.501117
2 0 4.836924
1 0 0.983060
6 0 0.245738
4 1 2.190440
1 1 0.082360
5 1 1.437261
1 0 7.593627
5 0 1.825619
1 1 1.616971
3 1 0.759991
4 0 1.294434
4 1 0.291441
2 1 0.635019
3 0 0.443929
3 1 1.081643
3 0 0.100521
2 0 1.059242
1 0 0.984293
1 1 1.770826
6 1 1.075954
1 0 1.237890
4 0 3.417385
5 1 2.114305
6 0 2.039198
6 1 2.503718
2 1 0.042267
1 1 0.205286
4 1 0.872506
3 1 0.064873
5 0 1.054599
1 0 6.024814
2 0 1.150524
3 0 0.641692
5 1 1.839781
6 0 0.220687
1 1 0.514315
6 1 3.046337
2 1 0.972631
2 0 1.987345
5 0 1.615766
5 1 0.514075
3 1 0.999201
6 0 0.607572
1 0 2.932780
5 0 0.094235
3 0 3.918685
3 1 1.201248
5 1 0.120124
6 1 1.926143
5 0 6.362721
3 0 1.803753
3 1 0.426942
4 0 1.401910
3 0 0.364142
4 1 0.422236
6 0 1.190118
3 1 0.929790
6 1 1.996338
2 1 1.048271
4 0 0.307786
2 0 0.690603
5 1 3.400721
3 0 0.353548
5 0 0.208852
4 1 1.105710
4 0 2.596500
4 1 1.600462
2 1 1.626245
4 0 1.337778
5 1 1.417864
1 1 3.586471
6 0 0.410060
6 1 2.700971
2 0 0.642726
5 0 0.512570
1 0 3.162215
4 1 0.757633
5 1 0.658153
2 1 0.511884
5 0 0.116594
3 1 1.417327
1 1 0.482450
2 0 0.831451
4 0 0.023302
3 0 0.056773
3 1 0.247541
4 1 2.629073
6 0 1.510753
4 0 1.699897
4 1 0.124708
4 0 0.968989
4 1 0.943031
1 0 1.881296
5 1 1.854722
2 1 1.018250
6 1 0.301637
5 0 0.826622
5 1 0.531257
3 0 1.342349
6 0 2.123164
1 1 1.518002
4 0 4.588311
2 0 0.191600
2 1 2.614604
5 0 1.562703
2 0 0.858271
1 0 0.523278
1 1 1.204814
1 0 0.478721
6 1 0.397129
3 1 0.729247
3 0 3.923509
5 1 0.304207
6 0 1.096033
2 1 0.262641
2 0 0.194467
1 1 0.063328
3 1 0.620994
2 1 0.375840
6 1 0.286339
3 0 0.304167
6 0 1.382453
3 1 0.710580
5 0 0.401631
6 1 0.531501
5 1 1.204610
1 0 0.566967
6 0 1.526324
4 1 2.224675
5 0 0.249526
1 1 3.184733
6 1 0.335433
2 0 0.373741
4 0 1.819108
1 0 0.294638
3 0 4.012860
5 1 4.598111
6 0 0.421391
5 0 1.153249
1 1 0.082503
1 0 0.912351
3 1 2.289427
5 1 0.359417
6 1 6.718834
5 0 3.276640
1 1 1.191187
1 0 0.959983
6 0 1.372117
6 1 3.288652
6 0 1.517381
4 1 0.107040
6 1 1.846608
6 0 0.394957
3 0 3.628663
4 0 0.339340
3 1 0.060932
4 1 1.631534
6 1 0.323660
3 0 5.370082
3 1 2.218348
2 1 1.469642
6 0 0.110686
4 0 1.139746
2 0 1.135027
2 1 0.465157
1 1 0.146009
6 1 0.105880
6 0 1.625420
5 1 0.466185
6 1 1.494678
6 0 0.861002
5 0 0.167482
4 1 1.755676
6 1 2.199642
1 0 1.315144
5 1 0.634242
6 0 0.365447
1 1 0.454985
4 0 1.450426
6 1 0.031671
4 1 1.542401
4 0 0.036419
1 0 1.957851
2 0 1.240620
5 0 0.788833
6 0 1.158979
6 1 1.152227
4 1 1.186304
3 0 0.077290
3 1 5.530153
3 0 0.935141
4 0 0.184197
1 1 0.391799
1 0 0.040189
4 1 2.399726
4 0 2.434470
4 1 0.006803
1 1 0.429556
4 0 1.999143
3 1 3.160565
5 1 0.225484
4 1 1.349677
6 0 0.255675
6 1 0.261420
4 0 0.740586
2 1 2.623144
1 0 1.487570
2 0 1.261272
5 0 0.236941
4 1 2.392639
3 0 9.517226
6 0 2.500000
