5 1 0.347912
2 1 1.935792
4 1 3.445737
3 1 0.168054
4 0 2.523241
4 1 0.128859
6 1 0.196286
6 0 3.343993
5 0 1.044251
6 1 0.955735
3 0 0.137841
6 0 0.102903
2 0 0.983608
4 0 1.769093
3 1 3.049201
1 1 1.388527
6 1 0.583837
1 0 0.829589
5 1 0.924731
4 1 0.589545
5 0 1.571819
2 1 0.580091
1 1 2.181247
4 0 1.557514
4 1 3.992886
4 0 0.631868
2 0 0.258613
5 1 3.194345
2 1 2.385598
4 1 2.809160
3 0 1.656610
3 1 3.858386
3 0 3.755136
4 0 2.137059
5 0 1.373149
4 1 1.429519
2 0 1.377436
2 1 2.596592
5 1 1.547183
5 0 0.798803
6 0 1.884006
4 0 1.851957
1 0 0.998045
6 1 0.100610
1 1 0.053717
3 1 1.526825
3 0 1.130731
4 1 1.189401
4 0 0.028868
5 1 1.679617
4 1 1.019444
1 0 0.047519
4 0 0.629365
4 1 0.252552
5 0 1.787781
4 0 2.865896
5 1 0.495357
1 1 1.841564
6 0 0.544548
2 0 2.590033
3 1 0.025314
1 0 2.479640
5 0 0.258990
1 1 0.498792
6 1 1.063690
1 0 0.660240
3 0 0.150881
2 1 1.341136
6 0 3.499814
5 1 0.516024
5 0 0.597776
3 1 0.371803
6 1 2.462964
1 1 2.841089
6 0 8.360138
6 1 4.145573
3 0 6.050036
5 1 3.295562
1 0 0.607617
6 0 0.847207
2 0 1.639365
1 1 1.194872
2 1 3.566140
2 0 1.216323
6 1 0.368682
5 0 4.680507
1 0 1.746516
1 1 1.624781
5 1 1.569815
4 1 3.747763
5 0 0.439498
2 1 0.865756
5 1 1.648442
1 0 1.343828
2 0 0.540994
1 1 4.036118
5 0 1.269535
2 1 1.617205
2 0 5.381909
5 1 0.441925
2 1 1.033917
2 0 0.981255
3 1 0.470721
5 0 2.110703
1 0 0.012955
3 0 2.681572
3 1 2.429290
2 1 0.360263
5 1 1.498613
5 0 2.973239
6 0 1.388172
3 0 3.263304
5 1 0.310827
6 1 0.429334
6 0 0.044886
2 0 5.046755
1 1 1.137652
5 0 0.142005
1 0 0.827771
2 1 6.216296
5 1 3.101080
4 0 4.309881
2 0 0.734644
2 1 1.930921
6 1 1.184513
3 1 3.458845
5 0 1.045190
2 0 0.844638
3 0 7.563909
1 1 3.292188
4 1 0.466098
1 0 1.537067
2 1 1.558490
1 1 3.060329
3 1 3.166158
3 0 0.626428
2 0 1.421361
1 0 0.004425
5 1 1.602445
4 0 0.502441
2 1 2.022222
6 0 0.088824
3 1 1.118906
6 1 4.340817
1 1 0.205523
1 0 1.328537
2 0 6.747333
3 0 0.865859
3 1 0.246374
1 1 0.251600
6 0 2.270179
3 0 1.198756
3 1 4.183761
5 0 0.301262
1 0 0.882172
5 1 0.098980
2 1 1.551916
2 0 5.375098
2 1 4.229969
4 1 3.304011
5 0 1.489691
5 1 0.822592
2 0 0.772909
1 1 1.804993
5 0 0.384021
4 0 0.976319
5 1 0.588087
3 0 0.051945
5 0 7.402162
1 0 1.738310
4 1 1.345801
2 1 4.791019
4 0 1.624632
3 1 0.011551
6 1 2.070338
1 1 0.699534
5 1 5.990030
2 0 2.5
