2 1 0.131096
5 1 0.236454
4 1 0.340773
4 0 0.217499
5 0 0.057082
1 1 0.593674
1 0 2.934561
5 1 0.026157
3 1 0.440555
4 1 0.782842
6 1 0.072545
6 0 0.632816
2 0 0.889395
5 0 1.911660
4 0 0.413060
2 1 0.871206
5 1 3.407235
1 1 0.543647
1 0 1.278091
4 1 0.631804
4 0 0.839891
1 1 1.409821
2 0 0.749835
3 0 0.568418
5 0 0.397712
2 1 2.012064
4 1 3.105734
6 1 0.731867
6 0 0.544232
6 1 0.407354
5 1 0.960197
6 0 0.117227
3 1 0.318039
2 0 0.225861
3 0 2.416572
1 0 0.480464
5 0 0.964924
2 1 2.147969
2 0 0.693117
2 1 0.064846
4 0 0.184516
2 0 1.304313
4 1 1.829913
1 1 0.483249
2 1 0.718462
3 1 0.414026
5 1 0.734267
3 0 0.281155
5 0 0.514357
6 1 0.475623
1 0 0.202619
4 0 0.057916
1 1 0.214456
1 0 1.969437
3 1 0.023237
3 0 5.096128
6 0 1.154239
2 0 0.005151
4 1 0.102629
5 1 2.734852
1 1 0.179090
1 0 0.262665
1 1 2.116735
6 1 0.043377
4 0 2.176880
1 0 0.096118
6 0 1.240640
1 1 0.075041
5 0 0.009246
3 1 2.368602
2 1 2.520871
3 0 5.544704
4 1 0.074647
2 0 0.088734
5 1 0.023764
6 1 0.928501
2 1 0.082264
1 0 0.950039
6 0 4.229856
1 1 0.528166
1 0 0.978386
3 1 0.233081
3 0 0.186126
1 1 0.248105
1 0 0.491010
5 0 0.288830
2 0 1.232670
2 1 0.519428
1 1 1.067326
4 0 0.358178
4 1 0.269140
4 0 1.249254
5 1 1.543370
6 1 0.525511
4 1 2.024603
6 0 0.918405
2 0 0.440177
2 1 1.553735
5 0 0.478289
5 1 0.838601
6 1 1.498067
6 0 1.930519
2 0 0.082006
6 1 0.607410
6 0 0.104324
5 0 0.588663
6 1 3.916087
1 0 0.981263
1 1 0.409716
1 0 0.530685
4 0 0.739006
6 0 1.055455
1 1 0.745034
2 1 0.350321
6 1 0.569134
1 0 0.244993
5 1 0.599711
5 0 0.122757
5 1 0.813825
1 1 2.123984
3 1 1.330421
4 1 0.199626
3 0 0.473457
5 0 0.737013
3 1 0.726568
2 0 0.024417
1 0 0.093596
3 0 1.663193
6 0 0.777556
1 1 0.347853
2 1 1.201750
4 0 1.181975
4 1 2.104572
2 0 4.324417
5 1 1.429437
1 0 0.516697
2 1 1.111990
2 0 0.171140
3 1 0.288621
1 1 2.754392
2 1 1.854992
5 0 0.603001
3 0 1.132045
2 0 0.518620
2 1 0.613065
6 1 1.773687
6 0 0.727935
5 1 3.116211
5 0 0.203871
3 1 0.110597
6 1 0.968594
2 0 0.259157
3 0 0.455948
4 0 0.953661
2 1 1.696334
2 0 0.071096
6 0 0.600764
6 1 1.266324
3 1 0.561596
3 0 0.441653
1 0 0.442025
5 1 0.255492
6 0 2.159519
2 1 0.621579
5 0 0.109743
6 1 0.908829
6 0 1.026104
5 1 0.271727
6 1 0.457705
2 0 1.451371
1 1 1.393298
6 0 0.688490
3 1 3.498701
4 1 1.276024
5 0 3.220593
3 0 1.508349
6 1 2.436820
2 1 2.225708
4 0 2.204387
1 0 0.388481
4 1 0.867771
5 1 0.441232
6 0 0.565122
4 0 0.157643
6 1 0.768357
3 1 1.679541
4 1 3.678796
5 0 1.099946
4 0 3.441189
2 0 0.178552
4 1 0.723490
1 1 1.165458
1 0 0.000606
3 0 0.250315
5 1 0.590140
3 1 0.891686
2 1 0.451793
1 1 1.045385
2 0 0.409604
2 1 0.472951
3 0 1.284211
5 0 0.012235
4 0 1.768701
4 1 0.523400
3 1 0.874197
6 0 0.500553
1 0 0.306358
1 1 0.079873
5 1 3.394523
6 1 3.028653
2 0 1.289922
4 0 2.095187
2 1 0.018734
3 0 0.140566
4 1 0.813190
3 1 2.848359
3 0 0.470740
6 0 0.129299
6 1 0.117031
2 0 0.408121
5 0 1.507062
6 0 3.650375
3 1 0.218525
1 0 0.010176
4 0 0.274150
6 1 2.365143
5 1 1.133965
3 0 0.197292
5 0 0.819858
6 0 0.142446
1 1 1.057284
4 1 2.814087
4 0 0.439718
3 1 1.049301
4 1 0.420557
1 0 1.603225
1 1 1.374970
1 0 7.100002
2 1 0.917108
6 1 2.046859
1 1 0.249742
6 0 0.702997
3 0 0.459199
5 1 0.195868
4 0 0.246953
5 0 0.192434
4 1 1.512691
2 0 0.011148
4 0 0.169274
5 1 0.542680
1 0 3.607561
4 1 0.146915
5 0 1.095711
1 1 0.384361
3 1 1.803569
5 1 0.430898
1 0 1.121170
4 0 0.939142
1 1 0.661777
2 1 1.026939
1 0 0.354942
2 0 1.851284
4 1 1.501725
6 1 0.743119
5 0 2.123323
3 0 0.784176
2 1 0.365012
1 1 1.401695
5 1 0.179122
4 0 0.046538
5 0 0.689244
1 0 1.144288
2 0 1.393535
1 1 0.394904
5 1 0.389130
4 1 3.372281
3 1 0.149056
5 0 0.509660
4 0 1.208089
4 1 0.939753
6 0 0.437998
4 0 1.992908
2 1 0.644468
4 1 0.829178
6 1 0.030914
1 0 1.540608
2 0 0.281253
3 0 0.361777
5 1 2.783772
4 0 1.252630
4 1 0.257210
5 0 0.588784
3 1 2.240268
5 1 0.248569
2 1 0.442537
4 0 1.630502
5 0 0.474123
2 0 0.669875
1 1 1.212167
6 0 0.351174
2 1 0.853094
6 1 0.887804
2 0 0.207742
4 1 0.113135
6 0 0.553431
1 0 0.242851
5 1 7.888735
3 0 2.500000
