5 1 2.129661
2 1 0.802547
3 1 1.277368
5 0 0.762915
1 1 2.408965
4 1 3.300196
1 0 0.133103
2 0 0.563151
4 0 3.222291
5 1 5.887116
6 1 0.246253
5 0 1.647534
6 0 1.048339
3 0 0.985256
6 1 0.101571
6 0 0.451306
6 1 0.235156
2 1 0.452764
2 0 1.387808
4 1 0.396825
5 1 0.013577
6 0 0.344060
6 1 2.574910
3 1 0.670193
2 1 0.379136
2 0 3.341090
3 0 0.867294
5 0 0.517774
3 1 0.223198
5 1 1.092454
2 1 0.555648
2 0 1.280746
3 0 0.587661
2 1 1.086760
3 1 3.158156
6 0 0.707196
5 0 0.685179
2 0 1.832034
6 1 2.441386
5 1 2.868707
1 1 2.428650
6 0 4.943799
6 1 0.518039
6 0 0.896848
6 1 0.151610
3 0 0.839785
5 0 0.953779
1 0 2.688624
3 1 1.934306
5 1 0.342046
4 0 3.605021
1 1 1.427618
6 0 1.894111
4 1 0.893564
4 0 3.679348
2 1 2.649305
5 0 1.536331
3 0 2.678307
3 1 0.982317
5 1 2.688116
5 0 0.652669
4 1 0.222719
2 0 1.599934
6 1 3.029572
3 0 1.976958
2 1 0.950464
2 0 0.057498
3 1 0.668735
2 1 0.385285
3 0 0.160893
5 1 0.303099
4 0 0.319181
4 1 0.261172
4 0 1.255015
4 1 0.916881
4 0 0.175723
2 0 0.955757
5 0 0.863980
6 0 0.492321
5 1 0.790256
1 0 0.038615
5 0 1.754383
6 1 0.236493
5 1 0.814474
1 1 0.107315
2 1 1.200025
1 0 0.347191
2 0 0.880713
4 1 1.069624
4 0 2.045480
6 0 2.586060
1 1 1.532771
2 1 0.143234
1 0 0.081082
1 1 1.353935
5 0 0.087128
6 1 1.577272
2 0 1.046707
6 0 0.042078
4 1 0.899620
5 1 0.987293
4 0 0.698616
1 0 0.308486
1 1 0.715523
5 0 2.927799
4 1 0.811591
2 1 1.791370
6 1 0.408520
1 0 1.020137
6 0 1.592417
6 1 9.549132
6 0 0.421545
1 1 0.368320
3 1 0.856043
6 1 0.707226
2 0 4.698998
4 0 0.499967
3 0 0.902244
2 1 2.567311
4 1 2.178881
1 0 0.027808
4 0 0.349357
4 1 1.860880
1 1 0.458383
1 0 0.310698
3 1 0.891426
1 1 1.037852
3 0 2.079286
3 1 3.342943
3 0 0.737234
1 0 0.398672
1 1 2.993738
5 1 3.059314
1 0 0.039681
6 0 0.291235
3 1 0.648811
5 0 0.476596
5 1 0.003429
6 1 1.310899
1 1 0.672885
2 0 0.744851
4 0 2.989988
6 0 1.095684
2 1 0.192653
1 0 0.110548
2 0 3.239293
3 0 4.580993
4 1 0.117661
1 1 2.209815
4 0 1.695064
1 0 0.561545
5 0 0.935282
4 1 0.177175
2 1 1.729933
1 1 1.563725
6 1 1.069232
4 0 2.148176
3 1 1.155778
6 0 3.134121
5 1 0.652991
5 0 2.610908
1 0 4.657004
1 1 0.296249
3 0 0.061172
1 0 0.558548
4 1 0.247633
4 0 0.062021
4 1 0.120423
1 1 0.232709
1 0 2.444601
6 1 0.068518
3 1 0.602412
6 0 0.557850
1 1 0.324078
5 1 1.058220
2 0 0.610830
6 1 1.035653
3 0 0.272178
3 1 2.213642
4 0 1.698268
1 0 0.635344
2 1 0.763932
3 0 0.485565
3 1 0.766230
5 0 3.093638
5 1 0.754362
1 1 1.552227
2 0 0.242220
2 1 1.892611
6 0 1.318961
2 0 2.104126
3 0 0.411661
2 1 4.015350
5 0 0.224148
3 1 3.424767
4 1 0.315610
4 0 0.756126
6 1 1.529848
5 1 4.143276
6 0 0.349641
4 1 0.784452
5 0 2.140159
2 0 4.681248
5 1 0.944873
2 1 0.619992
2 0 0.125308
3 0 0.203605
6 1 1.340094
3 1 1.432989
4 0 0.076346
2 1 0.443120
6 0 0.511781
5 0 4.337733
1 0 1.583579
2 0 2.369145
4 1 0.541895
4 0 0.220100
4 1 2.407136
3 0 1.631151
1 1 0.298846
5 1 1.676531
2 1 0.066012
2 0 0.054245
1 0 0.861555
3 1 1.338788
2 1 0.312504
3 0 0.068717
6 1 0.349848
3 1 0.562910
1 1 1.179324
6 0 1.709195
3 0 3.534778
1 0 0.492682
1 1 0.173127
1 0 0.594628
2 0 1.999682
4 0 0.279721
4 1 0.993550
6 1 1.796168
5 0 0.007522
1 1 0.480618
5 1 0.643816
4 0 1.577753
2 1 0.194778
4 1 0.161468
3 1 0.344415
4 0 3.134350
1 0 0.684165
2 0 1.124454
1 1 1.367454
2 1 3.079190
6 0 4.054553
2 0 0.028628
5 0 3.877986
2 1 0.227122
2 0 1.242394
2 1 0.796273
3 0 0.660364
6 1 0.122381
4 1 0.116259
6 0 0.291809
4 0 1.064845
1 0 0.365013
5 1 1.151099
1 1 0.585445
5 0 1.755711
1 0 0.729147
2 0 1.185463
3 1 0.126039
3 0 2.223618
1 1 2.160367
4 1 1.074371
6 1 0.796056
6 0 2.816675
2 1 1.106499
3 1 0.341244
2 0 1.257314
1 0 0.093742
5 1 4.194209
1 1 0.124960
2 1 0.409603
4 0 0.138217
5 0 1.122721
5 1 0.475588
5 0 2.157722
1 0 0.356012
6 1 1.173230
3 0 0.194419
2 0 2.361675
5 1 2.288755
6 0 0.517770
6 1 5.728894
1 1 1.180237
4 1 0.967620
5 0 2.390123
2 1 0.336152
3 1 0.827848
3 0 0.421464
4 0 4.123244
6 0 1.934124
6 1 0.256542
3 1 3.017077
6 0 0.227459
5 1 1.378307
3 0 0.042416
4 1 0.856705
6 1 0.581396
4 0 0.020170
5 0 4.342153
1 0 0.032447
2 0 8.932289
6 0 0.620938
2 1 0.133473
2 0 2.054497
1 1 0.088349
1 0 0.500066
5 1 1.221448
1 1 0.595462
4 1 1.853247
4 0 0.919365
6 1 2.760016
6 0 0.940233
4 1 6.130306
6 1 0.685499
5 0 0.617720
3 1 2.074177
2 1 0.138668
5 1 3.701567
3 0 1.451766
3 1 2.155032
5 0 0.406079
6 0 0.745424
1 0 0.257007
6 1 1.843850
2 0 1.069583
6 0 1.723600
1 1 1.360826
6 1 3.709300
5 1 0.247110
2 1 3.528623
2 0 1.787554
1 0 3.963998
3 0 0.257006
5 0 1.179630
1 1 3.855629
5 1 0.473121
1 0 3.338568
3 1 3.862782
2 1 1.592670
6 0 2.163756
3 0 1.323160
6 1 1.229845
3 1 0.266354
3 0 0.235098
5 0 0.006620
3 1 1.650103
4 0 2.090809
3 0 1.285199
3 1 1.655508
4 1 4.005142
1 1 1.060814
1 0 3.215386
3 0 2.590797
1 1 1.529739
4 0 2.199714
6 0 1.475132
3 1 0.036833
2 0 0.555886
4 1 0.363639
6 1 0.124878
6 0 2.823405
6 1 2.355623
6 0 0.508484
4 0 1.137161
1 0 0.150733
1 1 0.816739
5 1 0.002779
1 0 0.486933
2 1 0.375006
2 0 0.015318
4 1 0.780607
2 1 0.091974
6 1 0.419342
6 0 0.700407
3 0 0.130199
3 1 0.724341
1 1 0.469013
2 0 3.376225
2 1 3.873272
2 0 0.258034
1 0 0.417193
4 0 0.177512
1 1 0.339334
4 1 0.516806
1 0 2.485317
4 0 0.576012
4 1 4.795649
6 1 0.709989
6 0 1.473866
4 0 0.598961
2 1 1.048080
4 1 1.717370
2 0 0.869556
6 1 3.980001
4 0 2.169483
4 1 2.643806
6 0 0.575530
1 1 0.646514
6 1 2.507380
2 1 0.898178
2 0 1.534529
3 0 2.928675
3 1 7.756887
3 0 0.389190
5 0 2.306973
3 1 0.465095
1 0 2.764704
5 1 0.688656
5 0 0.445179
5 1 3.483373
2 1 2.945745
6 0 1.135413
1 1 0.987580
5 0 2.792831
4 0 0.039875
4 1 0.716409
3 0 0.422191
2 0 0.923679
5 1 0.343636
2 1 2.537480
1 0 1.259889
1 1 1.146170
6 1 3.121625
5 0 2.671954
6 0 0.853894
6 1 1.969391
5 1 0.622164
6 0 1.117593
6 1 1.558277
2 0 1.451575
4 0 0.453969
3 1 0.395428
2 1 3.332813
6 0 0.793673
3 0 0.885198
3 1 0.983218
2 0 2.958743
3 0 1.724154
3 1 2.667019
4 1 0.356182
5 0 1.858111
2 1 2.636212
1 0 0.470691
4 0 0.948799
2 0 1.048516
4 1 1.514864
6 1 1.788279
5 1 4.897144
4 0 0.155707
1 1 2.614085
1 0 0.105890
5 0 0.270096
2 1 1.670697
5 1 1.230903
2 0 2.815029
3 0 0.948538
4 1 2.894683
3 1 3.080331
2 1 4.428167
5 0 0.634168
3 0 0.670318
6 0 0.648884
1 1 1.187952
1 0 1.523213
4 0 0.796143
4 1 1.166972
6 1 0.848697
5 1 0.595792
5 0 0.710672
2 0 3.379299
6 0 1.912171
6 1 1.622907
6 0 0.155473
4 0 0.483757
3 1 1.139371
1 1 0.343769
2 1 0.392390
6 1 0.159295
2 0 0.826487
5 1 1.094619
6 0 1.311199
2 1 0.091006
5 0 2.141466
1 0 0.054065
2 0 0.220648
2 1 0.328148
4 1 4.660229
6 1 1.802363
2 0 0.247765
5 1 1.609523
3 0 0.592165
6 0 0.561645
1 1 1.168042
6 1 2.060159
5 0 1.587500
1 0 0.231811
1 1 1.503250
2 1 0.020253
5 1 1.236510
2 0 1.805409
5 0 4.895220
4 0 0.688619
2 1 0.516601
6 0 0.516710
5 1 1.436629
2 0 2.190228
6 1 0.432173
1 0 0.001742
6 0 0.932521
2 1 0.195313
1 1 0.962706
2 0 3.055695
3 1 1.497230
6 1 0.216997
1 0 0.049445
4 1 2.699107
2 1 0.050826
2 0 1.409405
1 1 1.015575
4 0 0.354510
3 0 0.217170
3 1 0.931309
3 0 3.795156
6 0 0.291871
3 1 0.253369
6 1 0.977968
2 1 4.686400
4 1 1.467836
3 0 0.889486
5 0 1.836298
4 0 1.656073
4 1 2.276691
6 0 0.060563
6 1 1.288432
5 1 1.318342
6 0 0.073168
5 0 0.699057
5 1 1.890201
4 0 1.958231
4 1 0.466191
6 1 0.043728
5 0 1.379131
5 1 0.794671
4 0 0.002054
4 1 2.891755
2 0 4.558950
5 0 0.499891
6 0 0.786616
5 1 0.922690
5 0 1.726371
2 1 1.489336
2 0 0.503541
5 1 1.065428
2 1 0.430349
1 0 0.305141
3 1 2.067821
3 0 2.914286
3 1 0.492434
1 1 0.071358
5 0 2.430481
1 0 0.213276
2 0 0.696108
2 1 0.490855
6 1 3.214987
2 0 0.359257
1 1 0.108632
1 0 2.937985
4 0 0.607433
5 1 0.029741
5 0 1.945226
1 1 0.751861
4 1 0.907375
5 1 2.254432
5 0 1.024513
5 1 0.848849
4 0 0.349764
4 1 0.823764
6 0 2.083064
4 0 0.255317
6 1 1.795954
5 0 1.029702
3 0 2.472124
3 1 0.483169
2 1 0.046368
4 1 1.142988
3 0 1.623775
6 0 0.287390
2 0 3.256635
5 1 2.573082
1 0 0.839161
4 0 0.972926
6 1 0.545000
2 1 1.041610
5 0 4.366077
4 1 1.195141
6 0 1.455688
6 1 3.737817
3 1 0.102312
6 0 0.915966
4 0 2.177899
2 0 0.275031
1 1 2.291164
3 0 0.051704
3 1 3.672377
1 0 3.866733
3 0 0.883830
6 1 1.949920
3 1 1.130420
5 1 1.849929
4 1 4.727737
1 1 1.173962
4 0 2.027549
4 1 0.125686
2 1 1.269684
3 0 0.376980
2 0 0.256679
5 0 0.698684
2 1 0.361301
1 0 2.903140
4 0 0.404321
6 0 0.552902
3 1 0.003797
5 1 0.000601
1 1 7.338539
5 0 0.838655
4 1 1.404761
5 1 1.119882
6 1 0.351918
5 0 4.638771
5 1 0.075006
4 0 1.536223
1 0 1.245196
4 1 0.865825
4 0 0.835293
5 0 1.411900
4 1 1.445823
3 0 1.249362
5 1 4.553920
5 0 1.062067
6 0 1.165459
2 0 3.681831
5 1 2.436120
1 1 0.386052
4 0 4.593829
2 1 1.195307
5 0 0.390917
6 1 1.277979
5 1 1.804402
5 0 2.911174
3 1 4.964191
4 1 0.753966
3 0 1.490527
5 1 0.373078
6 0 7.906878
3 1 0.366897
2 0 1.462353
6 1 1.824815
1 0 0.467682
5 0 1.425054
6 0 2.156397
6 1 0.570547
4 0 0.450691
2 1 4.322303
6 0 2.149385
5 1 0.880493
6 1 0.520404
2 0 2.078232
4 1 0.773291
2 1 2.440841
3 0 1.278720
1 1 1.572680
3 1 0.750174
6 0 0.498872
2 0 1.031165
2 1 0.529686
5 0 2.670114
1 0 2.060587
5 1 1.685160
3 0 1.366504
6 1 0.591113
3 1 0.827747
1 1 0.673254
5 0 0.568613
1 0 1.766565
2 0 2.890219
4 0 0.347301
6 0 3.930966
5 1 1.453685
5 0 1.010446
1 1 0.216719
3 0 1.146257
1 0 1.687074
6 1 4.607816
4 1 0.249489
4 0 0.410550
2 1 0.895108
1 1 0.923123
6 0 6.375636
6 1 2.725846
5 1 0.656257
2 0 1.837807
4 1 2.110181
2 1 2.708002
5 0 0.842851
5 1 0.537288
4 0 0.054520
2 0 0.241085
6 0 0.238347
5 0 0.443677
6 1 1.026656
3 1 0.552581
6 0 0.033879
4 1 0.362861
6 1 1.074997
3 0 0.420752
6 0 0.608759
2 1 3.208899
4 0 0.212646
2 0 2.209418
2 1 0.415509
3 1 1.355078
5 1 0.424307
4 1 0.099653
1 0 2.143913
4 0 0.199084
1 1 0.060366
4 1 0.622634
6 1 0.956355
3 0 3.094120
6 0 0.105686
2 0 2.730052
4 0 1.173687
5 0 0.554329
5 1 0.357022
6 1 1.339146
4 1 0.654548
6 0 1.049588
6 1 0.040109
5 0 0.094476
3 1 1.609622
1 0 0.185660
2 1 5.254479
2 0 0.817286
6 0 0.026462
3 0 1.389906
3 1 0.202786
6 1 0.188475
2 1 0.403352
5 1 0.224145
3 0 0.114747
2 0 1.806879
6 0 2.892441
6 1 4.321522
2 1 2.211817
3 1 0.181596
4 0 0.905275
4 1 0.947443
4 0 0.063316
4 1 0.792157
3 0 2.103165
6 0 0.548650
5 0 2.756399
5 1 1.422284
2 0 0.038040
4 0 1.517378
1 1 1.430355
5 0 0.704467
3 1 2.149649
1 0 1.794182
1 1 0.958498
4 1 1.651120
3 0 0.456834
1 0 0.555417
6 1 0.097218
4 0 3.890906
4 1 1.299862
4 0 0.468840
4 1 0.128018
4 0 0.084146
2 1 0.735570
4 1 1.492850
5 1 0.929369
1 1 0.634720
6 0 4.367923
1 0 0.851592
2 0 2.733136
3 1 4.902892
5 0 2.606514
5 1 1.064122
6 1 1.082238
3 0 0.293080
3 1 0.423602
1 1 5.045013
1 0 0.792888
6 0 0.288352
6 1 0.176123
4 0 0.277351
3 0 0.648116
3 1 3.740398
3 0 1.551129
2 1 1.275296
3 1 3.653995
1 1 0.554061
6 0 0.508730
3 0 1.971016
1 0 0.911757
2 0 4.403373
5 0 0.055504
4 1 0.363208
3 1 1.836842
1 1 0.063062
6 1 2.564803
6 0 1.856596
3 0 0.778202
3 1 0.702979
4 0 2.370756
5 1 0.023857
3 0 0.289668
5 0 2.446954
2 1 0.674623
1 0 3.614251
2 0 0.810977
1 1 0.156584
2 1 0.855668
2 0 0.855889
6 1 1.343412
6 0 2.141950
6 1 0.656418
2 1 1.023108
6 0 0.421557
4 1 0.424964
6 1 0.376903
2 0 0.590619
6 0 0.460766
3 1 5.488514
4 0 0.462787
2 1 1.015298
1 0 0.953859
4 1 0.035107
3 0 1.049459
4 0 0.272834
3 1 3.516964
5 1 1.827765
5 0 1.944576
5 1 0.445571
1 1 0.960065
4 1 0.805832
4 0 0.832455
3 0 2.634615
4 1 3.971968
3 1 3.016988
4 0 1.494322
4 1 0.084568
4 0 2.000638
6 1 2.401789
5 0 0.166511
3 0 0.363964
2 0 1.766092
6 0 0.074397
1 0 0.319852
5 1 0.668539
4 1 0.939171
6 1 4.843161
4 0 0.775638
1 1 1.109700
1 0 1.980865
4 1 0.391257
2 1 1.559580
1 1 1.806934
3 1 3.415406
4 0 0.154791
3 0 2.647387
1 0 0.256002
3 1 0.579896
3 0 0.128497
4 1 0.629325
6 0 0.698861
2 0 0.535686
3 1 0.677916
1 1 0.750307
5 0 0.702737
4 0 2.500000
