6 1 1.077123
3 1 0.706697
2 1 0.762522
3 0 0.241057
1 1 0.124243
5 1 1.577713
5 0 1.387185
5 1 0.865919
2 0 0.639042
1 0 3.721760
6 0 1.202871
1 1 0.336796
4 1 0.219434
5 0 1.475593
5 1 0.009817
2 1 0.258761
3 1 0.698482
4 0 1.011716
2 0 0.843823
3 0 1.588290
2 1 1.309962
3 1 0.069910
3 0 1.977224
1 0 0.879968
4 1 1.203953
4 0 0.265212
2 0 0.108651
4 1 1.266919
2 1 0.731157
4 0 0.275556
3 1 0.416444
2 0 1.421902
2 1 0.359786
3 0 4.477413
2 0 0.030855
6 1 0.409184
5 0 3.873084
6 0 3.548769
1 1 4.805261
2 1 0.876256
3 1 2.888450
2 0 0.666945
2 1 0.138698
5 1 1.045812
4 1 0.467489
5 0 1.579172
1 0 0.022400
4 0 2.621817
5 1 0.212864
1 1 0.562686
5 0 1.873520
1 0 0.149593
2 0 0.921893
1 1 1.276409
4 1 1.550183
4 0 2.188920
3 0 1.328048
2 1 2.453251
5 1 0.373042
1 0 0.225584
3 1 0.684960
5 0 4.028195
2 0 1.250392
4 1 0.270617
6 1 0.450251
3 0 0.259993
2 1 2.179467
4 0 0.333717
2 0 0.639361
6 0 3.449050
3 1 0.192176
3 0 2.008645
6 1 0.358537
3 1 0.807881
6 0 1.486005
2 1 0.997764
2 0 0.680434
5 1 0.488806
6 1 2.160176
4 1 0.810352
3 0 0.116100
5 0 0.461748
4 0 2.229030
1 1 4.082139
1 0 2.992124
3 1 1.961165
3 0 0.798450
4 1 0.057636
3 1 0.392950
2 1 4.461713
6 0 0.637987
1 1 0.581837
1 0 1.028687
5 1 0.314458
3 0 0.058949
6 1 4.493669
4 0 3.138630
1 1 2.175321
5 0 1.894184
2 0 0.225834
2 1 2.427564
6 0 0.421832
6 1 0.439787
2 0 1.827914
2 1 0.651000
4 1 0.256011
1 0 0.270756
3 1 2.193363
5 1 1.956032
3 0 0.182288
1 1 0.974503
4 0 0.894832
4 1 4.076277
3 1 0.782478
4 0 0.583318
5 0 0.677581
2 0 1.547414
1 0 1.150960
4 1 0.208169
5 1 2.547756
5 0 0.567499
5 1 0.924885
6 0 1.165197
2 1 0.302718
3 0 0.562894
5 0 0.411595
6 1 1.867539
6 0 0.914749
5 1 1.406896
3 1 0.163602
6 1 4.698162
3 0 0.113978
5 0 1.192484
4 0 0.501620
6 0 0.788058
6 1 0.945729
3 1 3.448811
4 1 0.316945
5 1 0.577422
6 0 1.556795
4 0 0.128533
4 1 1.710891
6 1 0.707565
1 1 0.166566
1 0 0.153649
3 0 0.526376
5 0 0.066994
1 1 0.291516
1 0 0.870857
5 1 0.312002
1 1 2.251126
3 1 0.130894
4 0 3.896996
5 0 0.476313
1 0 0.079851
3 0 0.262122
5 1 1.462542
5 0 1.369961
5 1 1.016028
5 0 0.200562
6 0 0.852996
3 1 0.407173
6 1 3.394359
3 0 1.701504
4 1 0.544080
6 0 0.476887
5 1 0.094288
6 1 1.825900
6 0 1.933618
3 1 0.579405
3 0 0.685378
1 1 2.051515
3 1 0.125260
1 0 0.784453
2 0 0.325367
4 0 0.033119
4 1 1.241344
4 0 0.288911
1 1 1.724232
4 1 0.452552
2 1 0.531598
6 1 0.035944
2 0 0.859169
4 0 0.172178
4 1 0.866423
4 0 1.182053
1 0 0.007230
3 0 0.259337
3 1 1.665405
4 1 0.650913
2 1 0.051022
4 0 0.896470
5 0 0.572352
4 1 3.505676
4 0 1.077348
4 1 1.260596
2 0 0.636227
6 0 2.194952
5 1 0.826879
1 1 1.013462
2 1 7.032939
4 0 0.217551
1 0 2.696379
1 1 1.281665
6 1 3.198407
3 0 0.316945
1 0 0.074309
5 0 0.116525
4 1 1.967626
1 1 0.009390
2 0 0.696129
5 1 0.396619
5 0 0.793548
2 1 0.898673
4 0 0.242474
1 0 1.013171
5 1 0.726699
6 0 3.281325
3 1 0.457815
2 0 0.811370
4 1 0.045868
3 0 0.810357
5 0 0.939320
3 1 4.192494
6 1 2.905079
4 0 0.827782
4 1 0.439355
3 0 0.639089
5 1 0.377243
3 1 0.528171
3 0 0.840016
1 1 0.025117
2 1 0.012100
1 0 1.122895
3 1 2.820225
6 0 1.486547
4 0 0.116641
5 0 1.121957
2 0 0.090525
4 1 0.074609
3 0 1.212231
5 1 1.533049
6 1 1.534281
3 1 0.845947
1 1 0.087927
3 0 0.159517
3 1 0.851080
5 0 1.385977
5 1 1.325380
2 1 0.065481
3 0 1.553401
1 0 0.395907
6 0 0.858695
4 0 0.545777
6 1 0.381412
3 1 0.201782
4 1 0.669212
3 0 0.996682
1 1 0.642952
3 1 0.124735
5 0 0.708996
6 0 0.965197
6 1 0.335164
2 0 0.172059
1 0 1.455891
1 1 0.187567
6 0 0.732200
3 0 0.852173
1 0 0.677264
4 0 0.214130
6 1 1.102050
6 0 1.340359
3 1 3.129302
3 0 2.045143
1 1 2.628705
5 1 1.289465
5 0 1.773060
3 1 1.867425
6 1 2.321602
5 1 2.114117
1 0 1.204538
1 1 0.278176
3 0 2.689479
1 0 0.281554
4 1 2.881645
2 1 0.062615
5 0 0.257963
1 1 2.270991
6 0 0.978413
5 1 0.489461
4 0 1.436120
1 0 1.922290
5 0 0.083844
3 1 0.191369
5 1 0.373419
6 1 0.871058
1 1 0.794540
3 0 0.290595
2 0 0.715147
4 1 1.084148
4 0 0.564380
4 1 3.043268
2 1 0.312741
1 0 0.965797
3 1 0.035457
6 0 0.003057
1 1 2.791182
6 1 0.671527
3 0 1.671229
1 0 0.023138
4 0 3.833726
4 1 1.266012
5 0 0.297357
1 1 1.849713
2 0 0.157963
5 1 0.466637
6 0 0.255275
5 0 3.525732
4 0 2.134627
1 0 0.310374
2 1 2.772123
4 1 1.042850
1 1 0.916186
6 1 0.119496
4 0 0.615295
5 1 0.083021
2 0 0.672664
5 0 1.375462
5 1 0.048330
4 1 0.031562
1 0 0.515730
6 0 1.842182
2 1 0.408029
5 0 1.183315
6 1 0.034943
6 0 0.071945
6 1 1.653748
5 1 0.618204
6 0 0.196882
2 0 1.120987
6 1 2.435262
5 0 1.346200
3 1 2.128719
1 1 0.679311
2 1 0.454905
6 0 1.153417
1 0 3.378728
4 0 0.723366
4 1 2.290543
4 0 1.216749
5 1 1.543547
2 0 0.247953
3 0 0.254276
3 1 1.352915
5 0 0.254949
1 1 0.687109
3 0 0.137145
4 1 0.225298
6 1 0.256734
3 1 1.460191
6 0 0.762998
3 0 2.290860
6 1 0.059856
6 0 0.750949
5 1 1.032981
6 1 0.210017
6 0 0.539793
3 1 0.508476
1 0 2.288241
2 1 0.222060
1 1 0.134660
3 0 0.830821
5 0 0.733600
4 0 2.131879
2 0 0.720050
5 1 0.652887
3 1 0.258123
5 0 2.377564
4 1 2.077652
6 1 1.499962
3 0 0.185695
1 0 0.017625
2 1 0.615150
6 0 2.360856
2 0 1.637618
2 1 1.409168
1 1 0.058112
2 0 2.669558
2 1 0.113314
3 1 0.062108
5 1 0.100542
5 0 0.315045
6 1 0.379496
3 0 0.383603
5 1 0.313300
3 1 2.463691
6 0 2.944367
5 0 0.062356
3 0 1.136515
1 0 0.091788
5 1 0.480810
2 0 0.597170
6 1 3.774828
3 1 0.176786
6 0 0.019824
2 1 0.599336
6 1 2.952815
5 0 0.416085
3 0 0.193631
2 0 1.452914
3 1 1.113556
6 0 1.524394
5 1 0.434833
1 1 0.588448
2 1 0.854174
1 0 0.124782
5 0 6.767074
5 1 0.901586
1 1 4.995647
2 0 0.133607
1 0 0.626418
6 1 1.070993
4 0 0.708419
3 0 0.073221
6 0 0.752900
5 0 2.694476
4 1 1.453402
2 1 0.374296
3 1 0.641496
2 0 1.003401
6 1 0.143482
3 0 0.389073
4 0 2.065453
3 1 0.594680
5 1 1.822179
6 0 0.320501
3 0 1.638808
5 0 0.139871
3 1 1.678142
2 1 0.731087
1 1 3.106984
3 0 0.041311
5 1 0.939614
6 1 3.435115
6 0 1.144573
6 1 0.125244
5 0 0.150725
5 1 1.192054
4 1 0.445953
5 0 0.443582
2 0 0.781826
6 0 1.718229
3 1 0.460452
3 0 1.532740
2 1 1.170424
6 1 0.097649
4 0 0.473554
6 0 0.040101
3 1 0.203190
1 0 1.967984
3 0 1.250589
3 1 0.735304
5 1 0.112142
4 1 0.257449
5 0 0.416834
2 0 0.312044
4 0 0.872448
2 1 0.933667
3 0 0.221556
4 1 0.082024
6 1 0.869800
1 1 0.300152
2 0 0.801916
4 0 1.154640
4 1 0.690341
2 1 2.385418
3 1 2.763191
1 0 0.603127
3 0 2.450293
2 0 0.278569
3 1 0.903989
4 0 3.355029
1 1 0.469946
5 1 2.502267
1 0 1.275473
4 1 0.255697
4 0 4.537661
1 1 1.094373
6 0 0.192379
1 0 0.941007
1 1 4.188769
1 0 2.635099
4 1 4.957571
1 1 1.081676
3 0 0.992557
2 1 1.125230
3 1 0.343319
5 0 0.744864
1 0 4.007582
6 1 1.595755
6 0 0.081475
2 0 0.125305
6 1 0.819642
4 0 0.670599
4 1 0.402411
2 1 0.199444
6 0 1.781615
1 1 0.546544
5 1 6.447885
1 0 0.165144
6 1 0.974821
1 1 0.382433
2 0 0.319640
2 1 0.272514
5 0 0.038465
1 0 0.369463
6 0 0.051990
3 0 3.176078
4 0 2.066526
4 1 1.332790
5 1 0.921533
4 0 0.215571
5 0 0.420039
5 1 1.762961
3 1 2.211730
3 0 4.092299
6 1 0.629612
6 0 0.964599
1 1 0.120679
3 1 0.275426
1 0 0.336746
6 1 3.683829
4 1 0.106464
4 0 5.079732
5 0 1.011015
2 0 1.454387
2 1 1.860257
6 0 1.581275
4 1 0.341492
5 1 0.377877
5 0 3.753760
6 1 0.323456
6 0 3.129261
2 0 1.785396
4 0 1.516589
5 1 2.909819
1 1 0.620968
4 1 1.681998
6 1 1.080343
2 1 5.594924
2 0 0.241932
4 0 2.160092
6 0 0.173561
4 1 1.205471
2 1 2.678069
4 0 0.585208
3 0 0.386321
2 0 0.234879
2 1 1.100342
1 0 0.080582
4 1 0.584971
5 0 1.312432
1 1 2.117268
2 0 3.325760
2 1 1.462735
1 0 0.010239
3 1 1.904824
2 0 3.298364
6 1 0.075281
2 1 1.347160
3 0 0.622473
4 0 1.634853
3 1 1.855950
3 0 0.194566
1 1 1.228569
2 0 0.023182
1 0 1.071304
1 1 1.456725
2 1 0.348111
1 0 0.298039
4 1 0.520897
4 0 0.792728
4 1 1.883693
6 0 1.707207
4 0 0.444739
3 1 1.739726
1 1 0.230480
1 0 0.353892
2 0 2.130297
4 1 1.121891
5 1 0.218760
4 0 1.425265
4 1 1.899119
2 1 0.716222
1 1 1.235717
2 0 2.771843
1 0 1.638860
6 1 0.343658
2 1 0.350469
5 0 1.688407
6 0 1.079078
5 1 0.284419
2 0 1.695112
4 0 2.448534
3 0 0.342131
3 1 0.684172
1 1 0.046741
4 1 1.160994
2 1 0.484002
4 0 2.026987
4 1 0.009384
1 0 0.025476
3 0 4.974416
5 0 2.453385
5 1 0.595165
1 1 0.302848
6 1 0.464937
2 0 1.679595
1 0 2.339385
3 1 0.037967
6 0 0.736185
2 1 0.527584
5 0 0.491927
6 1 4.263950
2 0 1.040615
3 0 1.313124
5 1 0.266828
5 0 7.390721
3 1 0.031863
1 1 3.416300
4 0 0.341454
2 1 0.014985
3 0 0.387170
6 0 2.727375
3 1 0.166982
6 1 2.021782
2 0 0.548672
5 1 3.258547
6 0 1.330830
2 1 0.703105
4 1 1.858425
1 0 2.396417
5 0 0.227795
6 1 2.202714
4 0 0.191807
3 0 1.130246
6 0 0.025826
6 1 2.418248
5 1 2.000537
4 1 0.457015
5 0 0.340688
4 0 0.430432
1 1 0.075413
4 1 1.186134
5 1 2.362112
4 0 2.212803
4 1 0.781490
4 0 1.162750
2 0 0.973423
6 0 2.777027
1 0 2.202687
4 1 3.713847
3 1 2.643035
6 1 0.833335
6 0 1.649259
3 0 1.683954
5 0 0.257982
1 1 0.021617
2 1 0.335093
4 0 1.112487
5 1 3.327949
4 1 0.529078
4 0 2.706596
2 0 0.032514
2 1 1.039025
1 0 0.407521
5 0 1.637108
3 1 0.280977
2 0 0.252653
3 0 1.707424
2 1 2.287937
5 1 0.405100
6 1 0.169386
4 1 0.127016
4 0 1.506373
3 1 3.117160
1 1 1.395418
2 0 0.114419
4 1 1.720090
3 0 2.557381
2 1 4.922600
4 0 0.985689
5 0 0.784170
6 0 0.426031
4 1 3.317011
6 1 0.140439
3 1 0.932624
4 0 0.001564
3 0 0.916060
3 1 0.843351
5 1 4.350063
1 0 0.752650
4 1 6.728907
4 0 1.431875
2 0 1.049160
5 0 0.310200
2 1 1.171585
3 0 4.277331
6 0 2.449712
4 1 0.118734
5 1 0.229301
1 1 0.157680
5 0 0.473104
3 1 0.198891
4 0 0.885259
2 0 0.271135
5 1 1.206826
3 0 0.171180
5 0 1.343702
2 1 3.246352
2 0 5.123179
6 1 2.482498
3 1 2.957282
5 1 0.755586
4 1 0.233404
6 0 1.291180
2 1 1.947787
2 0 0.245544
3 0 0.858524
6 1 2.526301
4 0 0.200721
1 0 3.092093
5 0 0.330504
1 1 0.045502
3 1 0.422591
2 1 2.864074
5 1 1.249352
6 0 2.981551
3 0 0.618853
3 1 0.959056
1 0 1.426268
2 0 0.683726
6 1 0.602974
4 1 0.028179
6 0 0.604508
4 0 0.470391
2 1 1.473972
1 1 4.561332
6 1 1.543492
3 0 0.239888
2 0 2.507851
6 0 2.135351
2 1 1.184093
1 0 1.465606
1 1 3.223827
2 0 0.745309
3 1 0.240607
3 0 0.586663
2 1 2.065320
4 1 0.170122
5 0 0.077583
6 1 1.963219
2 0 0.556995
3 1 0.043163
2 1 2.113190
3 0 2.844227
6 0 1.127134
6 1 0.254244
6 0 0.138728
5 1 1.062432
4 0 1.836623
5 0 1.318731
6 1 0.834503
6 0 2.016471
6 1 0.252877
2 0 0.725813
2 1 0.339026
4 1 0.808013
4 0 2.277289
1 0 1.273306
3 1 1.393838
5 1 0.135805
4 1 1.866053
1 1 0.600845
1 0 0.038273
5 0 0.271896
2 0 0.405737
2 1 1.314519
1 1 1.742408
1 0 0.330056
6 0 2.649477
3 0 1.724851
4 0 2.202986
3 1 0.138602
1 1 0.262783
1 0 4.582490
5 1 0.829694
4 1 0.743081
4 0 1.094817
1 1 0.246996
3 0 0.305777
3 1 0.393396
1 0 0.567218
2 0 1.455475
5 0 0.133836
1 1 1.138837
3 0 1.444152
2 1 3.450030
1 0 4.655343
1 1 3.620578
5 1 1.663474
3 1 2.353908
1 0 0.563138
5 0 1.455383
6 1 1.638949
6 0 2.981907
3 0 1.676907
6 1 1.763763
5 1 2.142050
4 1 2.925366
2 0 0.019242
1 1 1.678862
1 0 1.727012
6 0 1.551914
3 1 0.908636
6 1 1.018573
1 1 0.380688
3 0 0.478757
5 0 1.129420
6 0 0.357737
3 1 0.069279
4 0 0.562647
6 1 0.522806
3 0 0.764687
4 1 2.591789
2 1 0.045615
5 1 1.042450
2 0 2.425975
6 0 0.606673
5 0 0.105928
2 1 1.305288
2 0 1.193888
1 0 1.312220
2 1 1.395313
3 1 0.152851
4 0 1.674780
6 1 0.509097
1 1 0.683762
1 0 0.079297
5 1 1.803084
4 1 0.346597
5 0 0.708474
3 0 1.547519
3 1 1.268549
1 1 1.628348
6 0 1.306324
1 0 0.669519
2 0 0.419339
5 1 0.679266
4 0 0.948731
4 1 0.767122
2 1 0.592354
4 0 0.008251
4 1 1.342526
1 1 1.415770
3 0 1.975915
2 0 0.538555
2 1 0.426696
3 1 0.427384
2 0 0.747493
4 0 1.679966
2 1 3.059649
4 1 0.027245
2 0 2.000557
4 0 0.718992
3 0 2.066223
1 0 0.573939
3 1 1.759043
5 0 1.297322
4 1 0.495548
4 0 0.611602
2 1 2.461339
2 0 0.167659
1 1 1.036702
6 1 0.202065
5 1 0.194327
3 0 0.413049
3 1 0.135521
2 1 0.723299
4 1 1.162916
2 0 4.610553
1 0 0.688820
5 0 0.788153
6 0 0.418982
2 1 0.654513
6 1 0.838912
3 0 2.508937
3 1 1.974917
5 1 7.905824
6 0 0.601618
4 0 3.284440
3 0 0.267104
6 1 1.397083
2 0 2.494138
2 1 1.506581
3 1 2.946208
5 0 0.111986
3 0 0.928412
4 1 0.987319
5 1 0.010696
2 0 1.257356
2 1 4.869953
4 0 0.564101
1 1 2.504904
6 0 1.168849
6 1 0.265428
6 0 0.494478
2 0 0.276905
2 1 0.685412
2 0 3.232240
3 1 2.372776
5 0 1.340403
6 1 0.204721
1 0 0.767924
3 0 0.085887
2 1 0.084180
1 1 1.770466
2 0 0.383849
1 0 1.579618
2 1 2.046739
4 1 0.340216
5 1 0.852310
4 0 0.376959
2 0 0.438906
4 1 1.258855
6 0 0.469729
6 1 0.039417
3 1 1.163186
6 0 1.530570
5 0 0.210540
6 1 2.288368
5 1 1.667829
3 0 0.790239
6 0 2.906862
3 1 0.033804
3 0 0.630887
1 1 0.198517
2 1 0.013616
6 1 3.735526
6 0 0.338070
5 0 1.570913
5 1 0.977154
4 0 0.936601
5 0 2.240972
6 1 1.278314
6 0 2.026353
1 0 0.435989
1 1 0.887404
1 0 0.667153
5 1 2.706579
4 1 3.602547
2 0 0.580128
3 1 0.318160
1 1 0.133139
2 1 1.681953
6 1 1.233890
5 0 0.748424
2 0 1.589342
1 0 0.071690
5 1 2.248973
1 1 1.252533
3 0 2.800608
5 0 0.396105
5 1 0.405758
4 0 1.078081
1 0 1.492040
5 0 1.327075
4 1 0.847908
6 0 0.029294
3 1 0.669794
1 1 0.356963
1 0 3.144597
2 1 0.333471
6 1 0.412884
4 0 0.988557
1 1 1.410450
1 0 1.337176
6 0 0.811094
1 1 1.589302
3 0 2.625206
5 1 0.277276
2 0 0.290778
3 1 0.871774
2 1 0.292244
5 0 1.178591
3 0 1.343494
5 1 3.028349
3 1 0.359187
6 1 0.545122
4 1 0.505979
1 0 1.271738
4 0 0.363936
1 1 1.801481
4 1 7.699334
2 0 0.018544
5 0 1.102970
6 0 0.314105
2 1 0.860605
2 0 3.324848
3 0 0.185776
4 0 3.444515
2 1 1.814717
5 1 9.474130
1 0 0.245506
6 1 2.500000
