6 1 0.056272
4 1 0.954976
3 1 0.417656
1 1 0.516356
6 0 1.041318
6 1 0.449759
1 0 1.188011
5 1 0.800317
1 1 0.095613
5 0 0.588495
6 0 0.142017
3 0 0.685661
6 1 0.760096
1 0 0.128437
2 1 0.043423
3 1 0.551636
4 0 0.345681
4 1 0.143369
4 0 0.073531
6 0 0.800603
6 1 1.671754
5 1 1.366059
2 0 0.006115
6 0 0.007135
3 0 0.226692
6 1 0.244718
1 1 0.067702
6 0 0.665518
4 1 1.118653
6 1 0.550873
3 1 0.376078
3 0 0.397956
5 0 0.630964
6 0 0.515929
2 1 0.285919
1 0 1.244810
2 0 0.069901
1 1 0.027898
5 1 1.474039
1 0 1.136542
4 0 0.036121
4 1 0.369536
6 1 0.255734
5 0 1.016874
2 1 0.215581
6 0 0.688830
4 0 0.263697
6 1 0.152977
5 1 0.244391
6 0 0.139105
2 0 0.027161
4 1 0.239839
4 0 0.319175
1 1 0.091324
4 1 0.111970
4 0 0.222463
1 0 0.777493
2 1 0.315410
6 1 0.824676
1 1 0.029528
6 0 0.047849
1 0 1.427073
4 1 0.609537
2 0 0.030383
2 1 0.387388
4 0 0.312424
4 1 0.403336
4 0 0.261019
5 0 0.303030
4 1 0.026510
1 1 0.156783
1 0 1.161643
6 1 0.333046
1 1 0.758923
1 0 0.546965
3 1 1.073289
2 0 0.082801
3 0 0.400214
2 1 0.464426
5 1 0.253469
2 0 1.078843
5 0 0.715981
5 1 0.142245
2 1 0.736898
3 1 0.590204
3 0 1.494339
5 0 0.022747
4 0 0.295698
4 1 0.372881
1 1 1.023087
4 0 0.462659
3 1 0.091275
1 0 0.316890
1 1 0.285235
6 0 0.516666
4 1 0.159526
5 1 0.323966
5 0 0.427183
4 0 0.308706
1 0 0.231373
5 1 0.163235
3 0 0.150469
3 1 0.540056
3 0 0.348871
3 1 0.209372
3 0 0.078431
4 1 0.166824
1 1 0.268854
4 0 0.405922
1 0 0.366978
5 0 0.901943
1 1 0.569148
6 1 0.086050
2 0 0.366237
6 0 0.681796
6 1 0.606480
1 0 1.636791
3 1 0.117072
1 1 0.074661
5 1 0.080158
4 1 0.438461
2 1 0.004234
2 0 0.293528
1 0 0.523370
4 0 0.208289
2 1 1.037410
6 0 0.225650
1 1 0.096365
4 1 0.064994
3 0 1.012255
3 1 0.923047
4 0 0.486248
3 0 0.545937
3 1 0.176632
2 0 1.331311
2 1 0.432067
6 1 1.013661
5 0 0.162942
6 0 0.010060
5 1 0.065291
4 1 0.020486
1 0 0.060069
4 0 0.262515
4 1 1.000486
3 0 0.282602
4 0 0.906627
5 0 0.141527
6 1 0.199936
6 0 1.095572
1 1 0.114783
5 1 0.119559
1 0 0.446020
2 0 0.118053
3 1 0.331544
6 1 0.690347
1 1 0.293734
5 0 0.323608
2 1 0.006414
5 1 0.708479
2 0 0.520641
1 0 0.188927
6 0 0.005440
1 1 0.396958
4 1 1.084675
3 0 0.445393
2 1 0.462874
4 0 1.235340
5 0 0.466845
1 0 0.276675
1 1 0.216476
4 1 0.391148
6 1 1.147320
1 0 0.908652
1 1 1.137985
1 0 0.068474
6 0 1.131035
2 0 1.325227
6 1 0.039489
5 1 0.232930
2 1 1.237005
3 1 0.105297
2 0 0.332607
4 0 0.718158
3 0 0.714425
1 1 0.080608
1 0 1.320547
4 1 0.649982
4 0 0.510811
6 0 0.059571
6 1 0.029338
1 1 0.120174
4 1 0.268273
3 1 1.430120
2 1 0.434170
2 0 0.183254
6 0 0.190310
5 0 0.464748
6 1 0.603908
6 0 0.711426
2 1 2.075151
4 0 1.241189
1 0 0.361399
6 1 0.184131
2 0 0.873650
4 1 0.275188
6 0 0.401501
4 0 1.011476
3 0 0.928685
5 1 0.008841
2 1 1.136172
5 0 0.080673
2 0 0.499251
6 1 0.461320
4 1 0.456637
1 1 0.084454
1 0 0.115551
3 1 0.461641
2 1 0.070607
5 1 0.227359
5 0 0.179494
4 0 0.629845
1 1 1.327550
2 0 0.527948
5 1 0.322599
1 0 0.095168
5 0 1.027470
5 1 0.178082
5 0 0.014842
1 1 0.079268
6 0 1.121041
2 1 0.273047
3 0 0.712639
5 1 0.589673
6 1 0.132529
2 0 1.658772
1 0 0.118936
5 0 0.973013
1 1 0.129781
4 1 0.905073
5 1 0.244732
4 0 0.570505
4 1 1.070408
4 0 0.050342
5 0 0.752596
3 1 0.486801
1 0 0.984852
6 0 0.046882
5 1 0.110399
3 0 0.016624
5 0 0.210165
1 1 0.122037
1 0 0.133907
5 1 0.219710
4 1 0.605256
1 1 0.092435
1 0 0.814872
1 1 0.632712
4 0 1.192098
5 0 0.107713
1 0 0.304279
2 1 0.572177
5 1 0.471301
5 0 0.734617
2 0 0.198983
2 1 0.042204
6 1 0.093438
1 1 0.058192
4 1 1.288357
1 0 0.467160
6 0 0.241500
2 0 0.411532
5 1 1.564560
4 0 0.803927
4 1 0.052698
1 1 0.507161
2 1 0.657897
2 0 0.393860
4 0 0.027430
6 1 0.501430
3 1 0.352032
1 0 0.158549
3 0 0.538757
5 0 0.278391
4 1 0.028107
4 0 0.218883
1 1 0.568494
4 1 0.018540
1 0 1.584265
4 0 0.703929
4 1 0.452316
2 1 0.686983
1 1 0.660082
4 0 0.599926
1 0 1.812823
3 1 0.074962
5 1 0.159410
1 1 0.711281
5 0 0.843579
6 0 0.017692
6 1 0.369486
3 0 0.515074
6 0 0.053774
6 1 0.081278
5 1 0.068241
6 0 0.974692
2 0 1.280131
6 1 0.037628
6 0 0.008816
5 0 0.105743
4 1 0.362706
6 1 0.115897
1 0 0.113619
5 1 0.401754
2 1 1.243665
4 0 0.090010
3 1 0.398508
4 1 0.561679
2 0 0.597361
6 0 0.148402
6 1 0.006578
1 1 0.164469
2 1 0.711549
3 0 0.235135
5 0 0.127470
2 0 0.079208
3 1 0.094014
4 0 1.168895
3 0 0.114746
3 1 0.430331
2 1 1.532854
5 1 0.817657
3 0 0.120163
5 0 0.137003
4 1 0.783859
6 0 0.241140
1 0 0.415643
1 1 0.399659
4 0 0.286957
2 0 0.065809
5 1 0.210476
3 1 0.198720
1 0 0.549493
3 0 0.020811
1 1 0.166318
1 0 0.122122
3 1 1.204517
3 0 0.056593
1 1 0.109814
4 1 0.072423
5 0 0.756730
4 0 0.787849
4 1 0.273272
1 0 0.491387
6 1 0.468821
2 1 0.800780
1 1 0.037946
1 0 0.521943
5 1 0.587128
4 0 0.099266
4 1 0.192561
1 1 0.035180
3 1 0.445266
1 0 0.012052
2 0 0.256813
5 0 0.638364
5 1 1.231286
1 1 0.288576
4 0 0.064476
2 1 0.075758
2 0 0.228233
2 1 0.179518
3 0 3.352824
2 0 0.443473
2 1 0.118334
3 1 0.469558
4 1 1.150346
2 0 1.358905
5 0 0.466618
2 1 0.514930
2 0 0.438290
3 0 0.276593
2 1 0.782771
3 1 1.086015
2 0 0.447044
1 0 0.667334
4 0 1.036943
5 1 0.281342
3 0 0.079434
3 1 0.443983
3 0 1.326670
5 0 0.108535
3 1 0.205499
4 1 0.029860
5 1 0.054234
1 1 0.043552
4 0 0.052241
3 0 0.413710
6 0 0.880117
4 1 0.403481
1 0 1.637125
5 0 0.207174
3 1 0.452622
6 1 0.951655
3 0 1.056576
4 0 0.310622
3 1 0.670549
6 0 0.139570
5 1 1.435216
1 1 0.741781
4 1 0.612852
3 0 0.883037
1 0 0.735905
3 1 0.978144
4 0 0.333321
4 1 0.492449
6 1 0.797111
2 1 0.222291
6 0 0.130246
6 1 0.412488
4 0 0.438581
5 0 0.696420
1 1 0.592566
4 1 0.488928
2 0 0.220729
4 0 0.547215
6 0 0.335390
3 0 0.375638
6 1 0.299766
3 1 0.400125
3 0 0.107898
1 0 0.202747
2 1 0.184250
6 0 0.688490
4 1 0.119738
3 1 0.378416
2 0 2.776269
5 1 1.265506
4 0 0.373403
5 0 0.211606
4 1 0.322321
5 1 0.088561
1 1 0.408051
6 1 0.310798
2 1 0.658249
6 0 0.374642
6 1 0.677949
2 0 0.114549
1 0 0.539092
5 0 0.198081
3 0 0.190219
3 1 0.062328
1 1 0.793395
1 0 0.226806
1 1 0.601115
2 1 0.234243
1 0 0.856776
5 1 1.072235
4 0 1.374352
1 1 0.381593
1 0 1.929589
1 1 1.011503
3 0 1.897034
2 0 0.902251
4 1 0.146910
1 0 0.828772
5 0 0.394193
3 1 2.146422
4 0 0.274087
5 1 0.194136
4 1 0.236413
5 0 0.090487
3 0 0.771967
2 1 0.411028
1 1 0.727868
4 0 0.738218
3 1 0.943794
2 0 1.696829
4 1 0.180005
6 0 0.468737
2 1 1.680558
4 0 0.432159
3 0 0.179333
3 1 0.571306
4 1 0.445308
2 0 0.461788
2 1 0.757959
4 0 0.018671
1 0 0.459652
5 1 0.034664
4 1 0.225964
2 0 1.113908
6 1 2.076940
3 0 0.841568
3 1 0.061137
6 0 0.267513
6 1 0.003035
6 0 0.217846
1 1 0.231371
1 0 0.058536
2 1 0.159165
5 0 0.339530
3 0 0.216108
5 1 1.925499
4 0 1.404876
3 1 0.754237
6 1 1.024405
2 0 0.777244
1 1 0.017075
2 1 0.065116
4 1 0.461837
1 0 0.661985
4 0 0.090868
2 0 2.171503
6 0 0.252153
4 1 0.193350
3 0 0.136410
3 1 0.462964
2 1 0.117251
3 0 1.568793
1 1 0.466889
1 0 0.437912
4 0 0.077340
5 0 1.024396
1 1 1.261876
5 1 0.553126
5 0 0.257399
3 1 0.007170
6 1 0.050628
5 1 1.451267
6 0 0.586151
5 0 0.527601
5 1 0.166760
1 0 0.013098
3 0 0.046997
2 0 0.618611
1 1 0.701778
6 1 0.015333
1 0 0.136138
5 0 0.768701
5 1 0.024065
3 1 0.335294
2 1 0.576879
3 0 0.032039
4 1 0.366315
3 1 0.079517
3 0 0.969401
3 1 0.299807
2 0 0.486791
6 0 0.317223
5 0 0.316216
3 0 0.515595
3 1 0.159268
4 0 0.078555
2 1 0.564695
2 0 0.004894
2 1 1.011823
1 1 0.895600
4 1 0.203417
3 0 0.320479
3 1 0.415383
6 1 0.037120
2 0 0.259373
3 0 0.219839
4 0 0.067058
3 1 1.618900
5 1 0.973545
3 0 0.119788
5 0 0.159927
1 0 0.736297
5 1 0.568385
4 1 0.213768
1 1 0.044051
2 1 0.000852
6 0 0.022062
2 0 0.225530
4 0 0.123075
6 1 0.250904
4 1 0.223343
4 0 0.334415
2 1 0.201960
2 0 0.368761
6 0 0.194878
5 0 0.625366
4 1 0.166731
2 1 0.435414
6 1 0.153541
1 0 0.709378
2 0 0.391507
6 0 0.696937
5 1 0.985869
3 1 0.042831
4 0 0.248279
3 0 0.516780
2 1 0.018463
4 1 0.348276
1 1 0.585931
3 1 0.123896
1 0 0.737797
3 0 0.240530
4 0 0.472212
1 1 0.175584
6 1 0.743771
3 1 0.016478
3 0 0.062158
4 1 0.130613
1 0 0.452920
6 0 0.395608
6 1 0.148972
4 0 0.083545
1 1 0.211201
1 0 1.994723
5 0 1.909959
3 1 0.826095
6 0 0.206353
3 0 0.001149
5 1 0.853991
2 0 0.251354
6 1 0.312468
1 1 0.057013
6 0 0.726343
4 1 0.220169
2 1 0.494717
1 0 0.092303
5 0 0.202975
4 0 0.148778
2 0 1.277963
2 1 0.418840
1 1 0.316563
3 1 0.254042
6 1 1.155355
5 1 0.056631
4 1 0.123735
1 0 0.088133
5 0 0.178321
6 0 1.067561
5 1 1.091695
6 1 0.526325
6 0 0.945213
5 0 0.346705
4 0 0.273050
1 1 0.789775
5 1 0.080557
1 0 0.625286
3 0 0.005935
2 0 0.820088
5 0 0.059052
5 1 0.481679
3 1 0.306938
4 1 0.017646
5 0 0.990098
5 1 0.381244
5 0 0.089519
3 0 0.285113
1 1 0.490136
3 1 1.543594
4 0 0.166046
2 1 0.190638
6 1 0.649878
2 0 0.255576
6 0 1.545765
1 0 0.223213
6 1 0.079992
2 1 0.109333
1 1 0.931685
4 1 1.414583
6 0 0.412855
2 0 0.333596
6 1 0.850926
3 0 1.923046
6 0 0.623507
2 1 0.714944
4 0 0.792555
5 1 0.417199
4 1 0.539929
6 1 0.721159
5 0 0.086423
5 1 0.441364
6 0 0.611443
1 0 0.715106
2 0 0.116246
5 0 0.046053
2 1 0.558466
4 0 0.745590
6 1 0.142703
3 1 1.316725
2 0 0.304502
3 0 0.816431
3 1 0.862254
4 1 1.692851
4 0 0.034411
6 0 1.787390
5 1 0.418733
2 1 0.262341
3 0 0.124689
1 1 0.908646
5 0 0.545267
2 0 0.292461
3 1 0.730279
1 0 0.936686
3 0 1.507884
3 1 0.420988
5 1 0.804605
6 1 0.133025
4 1 0.583793
4 0 0.937577
5 0 2.539234
6 0 0.304742
1 1 0.005301
6 1 0.053139
6 0 0.004047
1 0 1.214713
2 1 0.176636
1 1 0.780939
6 1 0.482344
1 0 0.362058
2 0 0.794697
3 0 0.222915
5 1 1.756955
2 1 0.208459
1 1 0.051182
4 1 0.559939
2 0 1.127186
3 1 0.232515
6 0 0.259344
1 0 1.750902
6 1 0.019480
6 0 0.010236
4 0 0.211774
5 0 0.591178
6 1 0.072152
5 1 0.031549
6 0 0.218097
6 1 0.921570
2 1 0.843170
3 0 0.700610
4 1 0.733440
2 0 0.483472
3 1 0.019178
4 0 0.149766
5 0 0.474336
6 0 0.280068
3 0 0.157604
2 1 0.100269
3 1 0.244335
4 1 0.823259
5 1 0.194338
4 0 1.750209
5 0 1.579507
1 1 0.534146
4 1 0.011769
4 0 1.307524
6 1 0.838178
2 0 1.461756
4 1 0.376511
6 0 0.258378
2 1 0.039629
1 0 0.457724
1 1 0.259983
2 0 0.323172
3 0 0.356462
4 0 0.223499
3 1 0.496768
3 0 2.267394
3 1 1.003512
5 1 0.393698
5 0 0.013505
6 1 0.844835
6 0 0.110981
2 1 0.613642
3 0 0.099708
4 1 0.324226
4 0 0.031613
2 0 0.290403
5 1 0.060795
5 0 0.205149
2 1 0.165756
1 0 1.263495
6 1 0.054722
5 1 0.402980
5 0 0.114621
2 0 1.670495
1 1 0.047162
4 1 0.106985
6 0 0.417074
1 0 1.473714
1 1 0.267804
1 0 0.164499
5 1 0.205021
1 1 0.379219
3 1 1.930967
6 1 0.917465
6 0 0.988009
1 0 0.128090
1 1 1.126308
4 0 0.225788
3 0 0.521567
5 0 0.506588
1 0 0.164494
3 1 0.189971
1 1 0.927406
6 1 0.464864
3 0 0.017772
4 1 0.033166
4 0 0.275468
6 0 0.579442
1 0 0.305503
3 1 1.301792
1 1 0.672163
2 1 0.224768
5 1 0.195069
3 0 0.699793
3 1 0.286859
6 1 0.112301
4 1 1.352282
6 0 0.221408
2 0 0.082047
2 1 0.302218
3 0 0.334588
3 1 1.446693
4 0 0.798975
6 1 0.974566
6 0 0.278490
4 1 1.380355
5 0 0.003046
4 0 0.281225
2 0 0.765584
2 1 1.753629
4 1 0.187606
3 0 0.969556
4 0 0.026664
1 0 0.119349
2 0 0.244766
3 1 0.420759
6 1 0.053043
5 1 0.112653
1 1 0.050818
3 0 0.260384
5 0 0.780691
5 1 0.211683
5 0 1.332683
1 0 0.334556
2 1 0.488026
3 1 1.341650
2 0 0.165097
6 0 0.177067
4 1 0.186648
3 0 0.431334
3 1 1.734922
2 1 0.145943
3 0 0.103211
2 0 0.590270
3 1 0.517673
5 1 0.178651
1 1 0.856069
6 1 0.049720
3 0 0.378367
3 1 0.267098
1 0 0.253057
2 1 1.921208
3 0 0.190937
6 0 0.162482
4 0 2.553617
6 1 1.171230
5 0 0.068869
5 1 0.485817
2 0 1.466161
5 0 0.715917
5 1 0.305154
3 1 0.219338
3 0 0.032095
6 0 1.205658
6 1 0.131189
6 0 0.022977
2 1 0.899787
4 1 0.321011
3 1 0.378720
5 0 0.897820
6 1 0.174611
4 0 0.346852
4 1 0.125356
3 0 0.008344
6 0 0.676229
6 1 0.014311
6 0 0.410208
3 1 0.369916
4 0 0.559469
1 1 0.187367
1 0 0.209915
2 0 0.620663
2 1 0.276480
1 1 0.042003
4 1 1.069344
2 0 0.250639
4 0 0.158600
5 1 0.501674
6 1 0.338480
2 1 1.227888
2 0 0.100131
5 0 0.219330
1 0 0.146992
4 1 0.701142
1 1 0.600958
6 0 0.039847
2 1 0.613333
1 0 0.160901
6 1 0.153921
5 1 0.171025
3 0 0.092712
5 0 0.418471
6 0 0.118479
6 1 0.954611
4 0 0.732312
6 0 0.340060
2 0 0.414404
4 1 0.161768
3 1 0.060743
1 1 0.513271
6 1 0.122582
3 0 0.514504
4 0 0.722665
1 0 0.103518
4 1 0.330543
5 1 1.229004
6 0 2.799114
4 0 0.017348
2 1 0.388827
6 1 0.165761
2 0 0.174623
5 0 1.192153
6 0 1.788126
4 1 0.141353
6 1 0.099078
1 1 0.070021
2 1 1.098339
1 0 0.240758
1 1 0.199468
2 0 0.463363
6 0 0.396912
5 1 0.129673
5 0 0.739798
6 1 0.128527
5 1 0.228859
1 0 0.185812
2 1 1.254688
2 0 0.284277
3 1 1.267643
1 1 0.258655
1 0 1.253129
5 0 0.966002
2 1 0.254741
5 1 1.695363
4 0 1.820641
2 0 0.192343
6 0 0.839995
5 0 0.076263
2 1 0.080638
2 0 0.039705
3 0 0.649208
4 1 1.554378
5 1 0.184431
5 0 1.363891
2 1 0.011975
4 0 0.119191
3 1 0.063738
6 1 0.065370
5 1 0.156392
6 0 0.056830
2 0 0.311658
2 1 0.520875
4 1 0.010217
2 0 0.719229
6 1 0.134712
2 1 0.236317
1 1 0.220180
1 0 0.174053
4 0 0.416466
3 0 0.422009
4 1 0.085841
1 1 0.233473
3 1 0.049347
4 0 0.308010
1 0 0.023100
4 1 0.437274
1 1 1.221190
5 0 0.224002
2 0 0.162930
2 1 0.497695
2 0 0.503714
5 1 0.010877
2 1 0.756341
2 0 0.806006
3 0 1.435187
2 1 0.483446
2 0 0.220344
2 1 0.284401
1 0 0.277287
3 1 0.329520
4 0 0.441867
1 1 0.028250
5 0 0.296408
3 0 0.560867
3 1 0.600705
4 1 0.298205
1 0 0.338111
6 0 0.577426
3 0 0.275230
3 1 0.257887
3 0 0.509506
1 1 0.931665
3 1 0.281378
3 0 0.336615
3 1 0.506136
6 1 1.421858
1 0 0.278635
5 1 0.983459
3 0 0.010864
3 1 0.348708
3 0 0.983815
2 0 0.947885
2 1 0.006217
4 0 0.682160
4 1 0.413245
3 1 0.249997
5 0 0.484267
3 0 0.082079
1 1 0.370686
2 0 0.987844
5 1 0.588990
2 1 0.046871
2 0 0.243178
4 0 0.155224
6 0 0.099736
2 1 0.070736
2 0 0.011492
5 0 0.507289
6 1 0.177143
3 1 0.161667
1 0 0.682895
6 0 0.513766
1 1 0.293360
5 1 0.846279
2 1 0.215436
6 1 0.583996
1 0 0.019020
4 1 0.996225
6 0 0.478481
1 1 0.768997
3 0 0.053071
1 0 0.643454
5 0 0.088602
2 0 0.120283
3 1 0.807495
4 0 0.570353
3 0 1.137705
6 1 0.395254
3 1 0.421086
2 1 0.997849
5 1 0.244102
1 1 0.105201
5 0 0.482792
6 0 1.437627
2 0 0.055718
4 1 0.032126
1 0 0.460517
6 1 0.037314
3 0 0.307030
1 1 0.184668
6 0 0.598636
5 1 0.127882
2 1 0.520434
6 1 2.055207
3 1 0.116987
1 0 0.022372
6 0 0.458805
4 0 0.019010
6 1 0.026927
1 1 0.030071
3 0 0.470769
4 1 0.043052
2 0 0.263678
2 1 0.002962
5 0 0.327381
5 1 0.019924
1 0 0.225697
4 0 0.245010
3 1 0.377401
2 0 0.159501
6 0 0.105817
4 1 0.459020
2 1 1.767564
1 1 0.725139
3 0 0.845058
6 1 0.176647
4 0 0.111377
1 0 0.530867
1 1 0.120332
6 0 0.093020
6 1 0.405232
5 0 0.319484
2 0 0.903525
5 1 0.145514
3 1 1.163755
6 0 1.093504
1 0 0.946281
5 0 0.697125
4 1 0.571561
3 0 0.358150
2 1 0.632277
6 1 1.056540
3 1 0.046053
5 1 0.575341
5 0 1.091200
3 0 0.701157
5 1 0.777438
6 0 0.539111
5 0 0.504797
5 1 1.557587
5 0 0.637774
4 0 0.541646
2 0 0.580438
1 1 0.861550
2 1 0.633764
1 0 0.061861
5 1 0.628355
3 1 0.259216
2 0 0.293933
4 1 0.611906
1 1 0.646666
4 0 1.389694
2 1 0.012163
4 1 0.819954
5 0 0.844859
4 0 0.474258
6 1 0.052497
6 0 0.020293
3 0 0.014805
5 1 0.181836
1 0 0.250337
1 1 0.192352
6 1 0.006083
1 0 1.371571
3 1 0.343189
6 0 0.433692
1 1 1.063138
3 0 0.017071
1 0 0.146834
5 0 0.073957
5 1 0.181030
4 1 0.918124
6 1 0.661597
1 1 0.021209
3 1 0.597896
6 0 0.018935
6 1 0.461617
4 0 0.549984
6 0 1.637716
2 0 0.424316
5 0 0.051668
1 0 0.638299
5 1 0.235724
5 0 0.235325
4 1 0.544268
4 0 0.833783
4 1 0.083724
3 0 0.348206
4 0 0.243423
5 1 1.465407
5 0 0.095716
6 1 0.311961
2 1 0.507971
4 1 0.893143
4 0 0.637963
2 0 0.062614
6 0 0.161852
5 1 0.093777
5 0 0.399682
2 1 0.356804
3 1 0.088949
6 1 0.369525
2 0 0.062655
5 1 0.141138
2 1 0.637468
5 0 0.050093
2 0 1.331218
3 0 0.707138
6 0 0.244447
6 1 0.084444
2 1 0.061320
3 1 0.158507
5 1 0.583911
3 0 0.486087
6 0 0.210671
6 1 0.617857
1 1 0.041342
3 1 0.391084
4 1 0.127301
4 0 0.519787
2 0 0.586687
3 0 0.018957
4 1 0.057817
3 1 0.199678
6 0 1.707005
3 0 0.033605
1 0 0.128216
5 0 1.088999
1 1 0.649201
6 1 0.176348
4 0 0.176529
6 0 0.022646
5 1 0.492168
5 0 0.229758
4 1 0.487768
2 1 0.245285
3 1 0.203960
5 1 1.273541
4 0 0.010067
2 0 0.402982
4 1 0.736202
5 0 0.484747
1 0 1.612282
5 1 0.161948
3 0 0.399288
4 0 0.918757
2 1 0.815221
4 1 0.559777
1 1 0.391618
1 0 1.503975
1 1 0.017516
3 1 0.803134
5 0 0.385735
6 1 0.100705
1 0 0.446641
4 0 0.146106
5 1 0.596594
3 0 0.644020
2 0 0.793246
2 1 0.265188
3 1 0.264581
3 0 1.817771
2 0 0.377349
5 0 0.278310
6 0 0.125085
6 1 0.180520
2 1 0.530061
4 1 0.054617
5 1 0.091402
3 1 0.152046
6 0 1.249468
1 1 2.298470
6 1 0.107971
3 0 0.357381
4 0 0.100526
6 0 0.639981
6 1 0.285389
6 0 0.056163
3 1 0.716400
1 0 0.072609
2 0 0.122342
5 0 0.358191
6 1 0.192265
1 1 0.490636
4 1 0.514114
5 1 0.195358
6 0 0.190395
1 0 0.221646
4 0 0.165347
5 0 0.018510
2 1 1.278512
3 0 0.339325
5 1 0.135644
2 0 0.467914
2 1 0.276578
2 0 0.259544
5 0 2.550786
5 1 0.327755
2 1 0.167302
6 1 0.253498
6 0 0.502131
3 1 0.912774
6 1 0.074210
1 1 1.053747
2 0 0.205469
1 0 0.356434
5 0 0.066613
5 1 0.107139
5 0 0.211848
4 1 0.740293
5 1 0.378408
4 0 0.103011
1 1 0.161691
1 0 0.322562
5 0 0.287793
6 0 0.149766
6 1 0.878120
5 1 2.128857
4 1 0.464390
4 0 0.279037
2 1 1.257506
2 0 0.278238
4 1 1.910304
3 0 0.416032
4 0 0.631107
5 0 0.935867
3 1 0.044495
6 0 0.342614
2 1 0.430117
2 0 0.163428
5 1 0.482117
5 0 0.208757
1 1 0.949406
1 0 0.995040
2 1 0.455562
4 1 1.309408
1 1 0.604765
2 0 0.159206
5 1 0.361217
1 0 0.209580
5 0 1.446037
4 0 2.812192
4 1 0.108105
4 0 0.018970
2 1 0.348374
5 1 0.195230
6 1 1.402531
4 1 0.632432
5 0 0.674860
1 1 0.831035
1 0 2.106736
5 1 0.784500
3 0 0.857453
6 0 0.256465
2 0 0.195294
4 0 0.266839
4 1 0.184897
3 1 0.080893
2 1 0.566554
5 0 0.095883
2 0 0.128449
5 1 0.198976
6 1 0.388059
6 0 0.303580
3 0 0.404503
4 0 0.300513
4 1 0.583291
2 1 0.479018
2 0 0.661668
6 1 0.100580
1 1 0.644654
2 1 0.682931
1 0 0.304209
6 0 0.237677
4 0 0.736977
4 1 0.567057
6 1 0.228875
1 1 1.889992
3 1 0.014135
1 0 0.474370
2 0 0.436042
1 1 0.870465
5 0 0.977131
3 0 0.008230
5 1 0.767289
3 1 1.254549
1 0 0.418493
3 0 0.429198
6 0 0.063250
5 0 0.253126
4 0 1.339815
5 1 0.640553
3 1 0.516642
6 1 0.644928
1 1 0.781105
3 0 0.042430
1 0 0.122171
1 1 0.551128
4 1 0.027515
5 0 0.368600
2 1 0.066731
5 1 0.295859
4 0 0.174261
5 0 0.032309
6 0 0.877157
4 1 0.247601
3 1 0.042319
4 0 0.604510
5 1 0.883879
4 1 1.211705
1 0 0.354905
6 1 0.256739
4 0 0.850601
4 1 0.227202
2 0 0.165656
4 0 0.336908
4 1 0.467045
4 0 0.254816
1 1 0.887892
4 1 1.347463
2 1 0.216422
3 0 0.721410
2 0 0.029676
3 1 0.377330
4 0 0.365499
2 1 0.063517
3 0 0.107908
6 0 0.284368
5 0 1.301829
3 1 0.582608
5 1 0.576142
5 0 0.143187
1 0 0.159085
3 0 0.043946
1 1 0.658516
1 0 0.701295
5 1 0.184891
3 1 0.057103
1 1 0.689321
1 0 0.166407
2 0 0.537634
3 0 0.147590
2 1 0.326112
6 1 0.489885
1 1 1.531878
4 1 0.421978
5 0 1.097046
1 0 0.269645
3 1 0.148790
6 0 0.554264
3 0 0.559560
2 0 0.486362
3 1 0.271508
5 1 0.239738
2 1 0.252177
4 0 0.148515
3 0 1.456232
6 1 0.198159
6 0 0.887893
1 1 0.361860
1 0 0.309427
1 1 0.828913
1 0 1.889953
3 1 0.765128
6 1 0.394976
1 1 0.138567
2 0 0.326569
5 0 1.175047
6 0 0.461995
1 0 0.831623
2 1 0.420905
1 1 0.062353
5 1 0.127390
2 0 1.904775
2 1 0.124574
4 1 0.037666
2 0 1.467573
1 0 0.301013
6 1 0.095270
5 0 0.152593
6 0 0.219450
6 1 0.615796
4 0 0.292432
4 1 0.305456
2 1 1.643686
2 0 0.804856
5 1 0.822179
4 0 0.427008
4 1 0.153795
1 1 0.846265
5 0 0.057300
6 0 0.412380
6 1 0.225720
3 0 0.909331
3 1 0.319745
2 1 0.309506
3 0 0.451423
1 0 1.262845
3 1 0.783709
2 0 0.003733
2 1 0.012694
4 0 1.108498
1 1 1.210026
5 1 0.872844
2 0 0.287647
2 1 0.035380
4 1 1.044663
2 0 1.570408
4 0 0.887277
1 0 0.847415
3 0 1.038194
6 0 0.977040
6 1 0.388327
6 0 0.337749
5 0 0.203432
4 1 0.404824
5 1 0.039847
3 1 0.206074
3 0 0.143281
4 0 0.007935
1 1 0.326622
3 1 1.127256
3 0 0.047510
6 1 0.260536
1 0 1.729011
2 1 0.750825
4 1 0.362637
4 0 1.080474
2 0 0.018544
6 0 1.115481
3 1 0.036646
2 1 0.792356
5 0 0.329467
3 0 0.263621
4 1 1.344864
2 0 1.093075
1 1 0.604633
5 1 0.716406
5 0 0.278634
6 1 0.498939
6 0 0.434956
4 0 0.087902
1 0 0.725238
6 1 0.155256
4 1 0.132450
4 0 0.007857
1 1 0.032105
5 1 0.271233
4 1 0.011114
5 0 0.071527
1 0 0.065141
6 0 0.424167
2 1 0.374277
3 1 0.121295
4 0 0.540209
1 1 0.079122
4 1 0.114115
5 1 0.316025
4 0 0.188162
2 0 0.156011
2 1 0.011458
4 1 0.113211
2 0 0.030330
2 1 0.064145
3 0 0.473185
2 0 0.071243
6 1 0.680326
1 0 0.433278
5 0 0.088730
2 1 0.090146
1 1 0.330494
2 0 0.168440
3 1 0.270901
2 1 0.815723
2 0 0.136976
3 0 0.636019
4 0 0.218550
5 1 0.821345
1 0 0.363042
4 1 0.022282
6 0 0.442104
3 1 2.103965
1 1 0.656285
2 1 1.007836
4 0 2.444724
4 1 0.418189
5 0 0.316500
4 0 0.684922
5 1 0.318018
4 1 0.094689
1 0 0.573122
5 0 0.702692
1 1 0.195873
5 1 0.840404
2 0 0.092977
3 0 0.182536
5 0 1.541689
4 0 0.209341
2 1 0.512998
3 1 0.189778
4 1 0.233479
6 1 0.056675
4 0 0.515098
4 1 0.086846
4 0 0.690524
5 1 0.511450
3 0 4.327320
2 0 0.308386
4 1 0.463260
4 0 0.049539
1 0 0.354098
6 0 0.411585
4 1 0.822278
4 0 0.068427
2 1 2.028545
6 1 0.236411
4 1 0.439981
1 1 0.064339
1 0 0.175999
1 1 0.057353
1 0 0.491902
2 0 1.641108
4 0 0.496535
6 0 0.771820
2 1 0.013252
2 0 0.121167
5 0 0.298370
2 1 0.060683
3 1 0.099816
2 0 0.675163
6 1 0.789921
3 0 1.224645
5 1 0.328906
5 0 0.507581
6 0 0.194267
6 1 0.188377
5 1 0.198804
2 1 0.008484
1 1 0.714992
4 1 0.229597
3 1 0.573721
3 0 0.263487
3 1 1.292460
4 0 0.391122
5 0 1.434931
1 0 0.210385
6 0 0.628659
3 0 0.117841
6 1 1.621387
1 1 1.059676
5 1 0.282942
4 1 0.249410
2 0 0.272817
1 0 0.047943
3 1 0.231590
2 1 1.118737
2 0 0.302490
6 0 0.607529
1 1 0.042116
6 1 0.600299
2 1 0.203766
4 0 0.559468
1 0 0.363179
6 0 0.560534
5 0 1.140411
1 1 0.275865
4 1 0.235356
4 0 0.052424
6 1 0.136781
1 0 0.711949
3 0 0.314035
1 1 0.061216
2 0 0.586060
3 1 0.996113
3 0 0.046102
1 0 0.215936
6 0 0.031305
2 1 1.136567
3 1 0.639443
4 1 1.159803
5 1 0.001286
6 1 0.108040
4 0 1.025009
3 0 1.235253
1 1 0.114025
5 0 0.033632
3 1 0.364201
6 0 0.020353
4 1 0.874905
1 0 0.231183
1 1 0.050837
1 0 0.435995
3 0 0.536323
1 1 0.693480
2 0 0.061593
3 1 0.413464
3 0 0.194089
5 1 0.571918
6 1 0.085081
6 0 0.778780
4 0 0.419672
2 1 0.045529
6 1 1.221667
3 1 0.535720
1 0 0.290502
6 0 0.161507
1 1 0.207375
5 0 0.557533
3 0 1.950727
2 0 1.981009
6 1 1.271910
5 1 0.093360
2 1 0.080522
1 0 0.112591
2 0 0.496864
2 1 0.279819
1 1 0.644665
4 1 0.551988
5 0 0.110617
4 0 0.839324
5 1 1.649817
2 0 0.598374
3 1 0.049181
6 0 0.344844
4 1 0.010111
6 1 0.161753
5 0 0.703438
4 0 1.057194
2 1 0.522481
4 1 0.407244
2 0 0.188279
6 0 0.548563
2 1 0.537516
3 0 0.191882
1 0 0.532085
3 1 0.560821
6 1 0.200831
1 1 0.123047
5 1 0.357578
4 0 0.611850
4 1 0.341144
4 0 1.509013
3 0 0.076007
4 1 0.613008
4 0 1.765671
4 1 0.590138
5 0 0.025132
4 0 0.275935
5 1 1.720289
6 0 0.454653
1 0 0.030215
6 1 0.220705
1 1 0.702952
5 0 1.920210
2 0 0.189564
3 1 0.791549
6 0 0.276610
6 1 0.006580
3 0 1.346685
3 1 0.051441
1 0 0.925219
5 1 0.326280
3 0 0.085041
5 0 0.289598
3 1 0.169170
4 1 0.061469
2 1 0.135303
5 1 0.296134
4 0 0.630971
5 0 2.126786
5 1 2.001066
6 0 0.001476
3 0 0.241158
1 1 0.491389
5 0 0.443409
5 1 0.040431
3 1 0.235825
6 1 0.289400
4 1 1.172625
2 0 0.256380
6 0 0.637372
1 0 0.152139
2 1 0.133849
3 0 0.263544
2 0 0.022287
6 1 0.622481
1 1 0.190879
3 1 1.113277
5 0 0.232044
5 1 0.587912
5 0 0.283179
4 0 0.247139
6 0 0.546798
2 1 0.050991
5 1 0.107293
4 1 0.401842
3 0 0.540898
2 0 0.460142
1 0 0.076539
1 1 0.216467
3 1 0.467247
5 0 0.356557
5 1 0.053396
5 0 2.191630
3 0 0.034130
4 0 0.239363
3 1 0.672037
4 1 0.427557
4 0 0.724488
2 1 1.010201
3 0 1.165727
3 1 0.083490
6 1 0.684918
2 0 0.084002
3 0 0.453816
2 1 0.489061
4 1 0.335749
1 0 0.263492
2 0 0.349993
4 0 0.741972
2 1 0.343144
5 1 0.011398
6 0 0.121173
2 0 0.092512
6 1 0.156505
4 1 0.048916
1 1 0.147438
5 0 0.317128
6 0 0.869925
1 0 0.062595
5 1 0.032603
3 1 0.523995
4 0 0.124544
4 1 0.515882
3 0 0.703369
3 1 0.071117
2 1 0.412202
6 1 0.023304
5 0 0.241873
1 1 0.211243
3 0 0.399263
2 0 0.038113
6 0 0.776353
5 1 0.677257
5 0 0.246252
6 1 0.755008
4 0 0.371741
5 1 0.708292
5 0 0.052656
2 1 0.170735
2 0 0.742351
2 1 0.287524
3 1 0.289526
2 0 0.918822
2 1 0.693253
2 0 0.582369
4 1 0.669045
1 0 0.581501
4 0 0.803001
1 1 0.074522
2 1 0.029422
4 1 2.171330
3 0 0.396292
5 1 0.208054
3 1 0.060314
3 0 0.111559
4 0 0.072633
4 1 0.672126
3 1 0.283787
3 0 0.537161
1 0 0.150561
6 0 0.733207
5 0 0.069272
3 1 0.434451
1 1 0.176406
2 0 1.150033
6 1 0.573910
3 0 0.196758
5 1 0.692838
1 0 0.535255
5 0 0.148807
1 1 0.386785
1 0 0.745087
1 1 0.084213
5 1 0.365475
5 0 0.609716
1 0 0.017195
2 1 0.607656
2 0 0.240917
5 1 0.627552
4 0 0.829147
5 0 0.275237
1 1 0.117955
5 1 0.796340
5 0 0.406546
1 0 0.456136
5 1 0.460610
4 1 0.642761
3 1 0.645163
4 0 0.120423
6 0 0.729363
6 1 0.039189
3 0 0.018925
6 0 0.720987
3 1 0.392447
6 1 0.210040
3 0 0.536554
6 0 1.542601
6 1 0.413226
5 0 0.242647
2 1 0.470206
1 1 1.295408
3 1 0.060851
2 0 0.582586
2 1 0.158946
2 0 0.129841
3 0 0.416201
6 0 0.253003
1 0 0.498571
3 1 0.084896
3 0 0.041595
6 1 0.532839
5 1 0.214407
4 1 0.156484
2 1 0.192665
6 0 0.757284
1 1 0.767835
3 1 0.920669
6 1 1.008680
1 0 1.600054
6 0 0.589980
4 0 0.247716
5 0 0.517851
5 1 0.930622
1 1 0.465916
2 0 1.493815
5 0 0.454153
2 1 0.187075
4 1 0.454704
4 0 0.043236
3 0 0.224968
4 1 0.065935
6 1 0.938600
5 1 0.063055
1 0 0.845282
6 0 0.066567
1 1 0.385546
1 0 0.774416
1 1 0.098603
3 1 0.743120
2 0 2.724728
3 0 0.090432
6 1 0.809671
2 1 0.056646
6 0 0.017108
2 0 0.986541
6 1 0.153922
5 0 0.009022
3 1 0.887870
6 0 0.918404
6 1 1.261643
6 0 0.345909
6 1 0.836378
2 1 0.046670
1 0 0.708923
2 0 0.541476
6 0 0.259351
4 0 0.260309
1 1 1.592195
1 0 0.570961
2 1 0.436974
3 0 0.100998
6 1 0.114013
6 0 1.129608
4 1 0.457400
2 0 0.568802
5 1 0.118985
5 0 0.339031
4 0 0.046823
4 1 0.062717
4 0 0.258660
1 1 1.179347
4 1 0.159196
4 0 1.422457
1 0 0.496635
6 1 0.147478
1 1 0.460028
3 1 0.425820
4 1 0.529806
5 1 0.205985
5 0 0.478892
2 1 1.493087
1 0 0.960737
6 0 0.198565
3 0 0.573881
4 0 0.162149
3 1 0.246957
1 1 0.174865
3 0 0.032928
5 1 0.532645
1 0 0.546390
4 1 0.302929
3 1 1.436091
4 0 0.110267
1 1 0.547299
1 0 0.728603
6 1 0.383769
2 0 0.059323
1 1 0.037784
3 0 0.160172
6 0 0.189196
2 1 1.590696
4 1 0.410213
4 0 0.502997
4 1 0.210353
5 0 0.850541
3 1 0.240799
4 0 0.098672
5 1 0.871593
4 1 2.175345
1 0 0.058410
1 1 0.894005
6 1 0.037033
2 0 0.373985
2 1 0.400191
1 0 0.025471
4 0 1.299679
6 0 1.070090
2 0 0.213341
5 0 0.256966
6 1 1.849732
1 1 0.142558
2 1 0.320629
3 0 0.420089
3 1 0.290400
6 0 0.447940
4 1 0.671523
6 1 0.463277
6 0 0.313954
6 1 0.149161
6 0 0.066225
2 0 0.249700
6 1 1.535075
3 0 0.044056
3 1 1.112478
5 1 0.815409
1 0 0.253493
4 0 0.021899
5 0 1.188925
4 1 2.784680
3 0 0.482340
4 0 1.405624
3 1 0.039705
4 1 0.359953
2 1 0.403464
4 0 0.558946
2 0 0.373144
4 1 0.444564
1 1 0.473856
4 0 0.260219
3 0 0.730913
3 1 0.269478
3 0 0.567530
2 1 0.965114
6 0 0.368781
2 0 0.777910
2 1 0.376263
3 1 0.279492
3 0 0.514140
2 0 2.165427
2 1 0.624288
2 0 0.545651
4 1 1.596265
5 1 0.458908
1 0 0.478149
3 1 1.329830
6 1 0.414711
6 0 0.169883
4 0 0.896130
1 1 1.367074
6 1 0.025707
4 1 0.319557
4 0 0.044274
1 0 0.053034
5 0 0.032023
2 1 0.416866
1 1 1.278895
4 1 0.122708
1 0 0.152607
6 0 1.380552
1 1 0.494212
5 1 1.445787
6 1 0.128179
3 0 0.058491
6 0 0.242606
3 1 0.215323
3 0 0.557561
6 1 0.189116
6 0 0.626304
5 0 0.209936
3 1 0.505354
1 0 0.295175
5 1 0.262459
6 1 1.414510
5 0 0.286033
4 0 0.408527
2 0 0.281628
4 1 0.765261
4 0 0.248192
5 1 0.150485
1 1 1.061976
2 1 0.221277
1 0 0.214285
5 0 0.129581
4 1 2.378560
3 0 0.376147
3 1 0.237278
1 1 0.251988
3 0 1.691535
1 0 0.001462
3 1 0.322605
2 0 0.639442
2 1 0.396353
6 0 0.593922
6 1 0.373448
3 0 3.366191
6 0 0.348820
4 0 0.074331
4 1 0.003684
6 1 0.124877
1 1 0.326857
6 0 1.790064
6 1 0.260681
1 0 0.022295
1 1 1.723431
4 0 0.040989
3 1 0.271722
4 1 0.028532
6 0 0.154727
5 1 0.332744
6 1 0.202517
1 0 1.687798
4 0 0.199453
3 0 0.707861
5 0 0.193823
3 1 0.177117
6 0 1.451428
5 1 0.319836
3 0 2.098949
3 1 0.430435
6 1 0.127835
3 0 0.951601
1 1 0.253959
2 0 1.391392
4 1 1.581805
5 0 0.455989
1 0 1.781145
1 1 0.902799
1 0 0.762357
5 1 0.147819
2 1 0.574749
6 0 0.723402
4 0 0.133229
5 0 1.091743
1 1 0.067439
2 0 1.443953
3 1 0.258595
4 1 0.346534
1 0 1.392453
1 1 0.260350
4 0 0.290667
6 1 0.299470
1 0 0.051033
2 1 0.134047
2 0 0.911257
1 1 0.050347
3 0 0.197697
6 0 0.301552
6 1 0.666118
4 1 0.113435
6 0 0.730315
2 1 0.322006
6 1 1.809973
2 0 0.775356
6 0 0.129172
6 1 0.812250
3 1 0.028523
6 0 0.029196
1 0 0.292964
1 1 1.888343
2 1 0.804834
6 1 0.218457
1 0 0.409251
5 1 0.220941
2 0 0.941514
6 0 0.335068
1 1 0.034351
1 0 0.128067
1 1 0.522518
2 1 0.064072
2 0 0.017387
1 0 1.225795
2 1 0.500848
2 0 0.848162
1 1 0.602765
1 0 0.243921
6 1 0.879445
3 0 1.309078
1 1 1.899858
6 0 0.511794
3 1 0.159940
5 0 0.176657
3 0 0.074228
6 1 0.076896
4 0 0.001324
1 0 0.536526
2 1 0.457776
4 1 0.044874
1 1 1.560580
5 1 0.518800
2 0 0.263584
6 0 0.804134
4 0 1.101371
3 1 0.033248
3 0 0.013212
1 0 0.115185
4 1 0.518221
6 1 0.869285
6 0 1.159036
5 0 1.964069
6 1 0.590025
1 1 0.226993
4 0 0.634732
3 1 0.134488
5 1 0.659324
4 1 0.173664
6 0 0.292383
2 1 1.022494
3 0 0.499342
2 0 0.581860
4 0 0.079324
1 0 0.277010
2 1 0.342882
5 0 0.470666
4 1 0.331864
2 0 0.398517
3 1 1.257650
3 0 0.405518
3 1 0.296551
1 1 0.379907
5 1 1.613450
5 0 0.480833
4 0 0.358190
4 1 0.534674
3 0 0.483103
5 1 0.043699
6 1 0.660923
5 0 0.291381
6 0 1.184678
2 1 0.242780
6 1 0.929676
2 0 0.060536
3 1 0.251743
5 1 0.815781
4 0 0.039239
5 0 1.237774
1 0 0.042695
5 1 1.094222
2 1 0.648877
1 1 0.039854
5 0 0.137807
1 0 0.346505
5 1 0.368889
1 1 0.205716
6 0 1.416481
2 0 0.574158
5 0 0.324218
3 0 0.060177
2 1 0.436484
4 1 0.817636
4 0 0.024770
5 1 0.311123
4 1 0.092737
1 0 0.387045
5 0 0.160168
6 1 0.540109
1 1 1.150979
5 1 0.047564
5 0 1.011661
3 1 0.778981
6 0 0.017037
4 0 0.027256
3 0 0.284221
3 1 0.614430
2 0 0.620436
4 1 0.082404
3 0 1.976531
3 1 1.063197
3 0 0.268559
5 1 0.117916
2 1 2.470241
2 0 1.013730
5 0 0.583543
2 1 0.130675
4 0 0.288689
1 0 0.789759
1 1 0.077337
6 1 1.033903
5 1 1.222295
2 0 0.554625
4 1 0.420670
1 0 0.050191
5 0 0.029683
4 0 0.246518
3 1 0.348754
3 0 0.543873
4 1 0.299681
2 1 0.056373
6 0 0.289799
3 1 1.510038
4 0 0.021627
1 1 0.801924
1 0 0.359288
5 1 0.471246
2 0 0.263319
2 1 1.174475
4 1 0.079264
2 0 0.522458
1 1 0.204100
3 0 0.696489
5 0 1.367605
3 1 0.328373
6 1 1.436392
4 0 0.129589
3 0 0.398621
1 0 0.112774
2 1 0.677033
5 1 0.226375
3 1 0.108223
3 0 0.303401
2 0 0.293905
1 1 1.093400
3 1 1.080898
4 1 0.565350
3 0 0.193655
3 1 0.045489
4 0 1.554968
1 0 1.222968
4 1 0.585640
4 0 1.932912
4 1 1.463052
2 1 0.244132
1 1 0.491243
2 0 0.077739
5 0 0.745076
3 0 1.251111
3 1 0.186404
1 0 2.367935
4 0 4.371528
3 0 1.489443
3 1 0.653154
3 0 1.067562
6 0 0.373690
5 1 0.730613
5 0 0.251342
6 1 0.148518
4 1 0.189201
4 0 0.034420
1 1 0.286982
6 0 1.138288
4 1 0.024407
4 0 1.129557
1 0 0.499388
6 1 0.593168
4 1 0.052484
4 0 1.291262
2 1 0.384237
4 1 1.688667
6 0 0.412851
3 1 0.381560
2 0 1.190406
2 1 0.378682
3 0 0.324468
4 0 1.090190
6 1 0.456118
5 1 0.307005
5 0 0.248989
6 0 1.208762
3 1 1.243602
3 0 1.881636
4 1 0.296691
5 1 0.286764
6 1 1.972171
2 0 0.976769
1 1 2.500000
