3 1 2.608001
1 1 4.295736
6 1 1.967960
1 0 2.938005
1 1 6.459287
3 0 0.657220
4 1 0.459917
5 1 5.672412
5 0 0.058406
3 1 3.980595
4 0 2.820023
4 1 2.090748
3 0 0.243627
6 0 1.740163
4 0 6.159847
6 1 0.540047
3 1 0.360619
5 1 0.482382
3 0 1.654324
6 0 6.435232
2 1 3.988529
4 1 1.167733
3 1 3.401555
6 1 1.830790
6 0 3.929142
5 0 4.226695
4 0 5.025115
4 1 7.232630
5 1 5.137010
1 0 15.838967
5 0 2.165925
4 0 11.897507
6 1 1.432184
5 1 3.936429
2 0 1.514503
2 1 0.997357
1 1 6.486362
6 0 1.775134
6 1 3.014948
5 0 1.086551
5 1 0.516753
1 0 0.553580
5 0 4.052963
4 1 1.042144
3 0 0.327373
2 0 3.433129
3 1 0.247032
6 0 6.408990
5 1 2.694987
3 0 5.396962
6 1 4.541924
3 1 0.995428
1 1 2.887242
4 0 0.462196
4 1 0.098062
1 0 2.520003
3 0 0.278301
5 0 9.399262
4 0 2.829958
3 1 1.850339
1 1 0.020184
6 0 3.469519
4 1 4.200308
5 1 3.717626
4 0 9.767186
4 1 0.846108
5 0 2.099209
1 0 1.115200
5 1 9.877206
1 1 3.755883
2 1 9.070232
6 1 4.647788
2 0 1.043683
2 1 0.411242
3 0 0.987805
2 0 1.040599
6 0 0.341347
1 0 3.086086
1 1 6.297515
3 1 9.550100
4 0 3.612504
5 0 5.535407
1 0 6.343006
4 1 0.961698
5 1 5.772381
6 1 3.299229
1 1 5.321252
1 0 5.584418
4 0 1.738820
2 1 0.529710
5 0 1.256707
2 0 4.586462
3 0 1.931507
4 1 3.566027
1 1 0.203139
3 1 3.426229
2 1 2.619879
4 0 3.862848
5 1 6.266469
5 0 0.171176
6 0 3.479417
5 1 6.913044
5 0 1.700050
1 0 1.407086
4 1 2.788814
6 1 0.720084
4 0 3.124303
2 0 7.999504
6 0 0.763636
6 1 0.835203
2 1 0.993909
1 1 1.669342
2 0 7.690998
6 0 7.191284
5 1 0.469049
5 0 2.004496
2 1 0.730642
3 0 0.711482
2 0 0.133688
3 1 0.787632
4 1 7.235660
5 1 3.985544
1 0 0.541504
2 1 3.382639
2 0 3.746995
3 0 0.064347
3 1 1.664109
2 1 1.623950
5 0 2.234097
3 0 3.130114
1 1 1.659893
2 0 1.466691
2 1 6.485790
1 0 0.688335
2 0 1.631552
6 1 1.266035
5 1 19.030125
6 0 6.616785
1 1 0.996626
2 1 1.755695
1 0 4.965863
3 1 0.314821
2 0 0.974663
1 1 12.070243
3 0 2.729342
5 0 0.126452
3 1 7.865845
1 0 0.464610
3 0 3.705991
1 1 0.769820
2 1 0.794204
4 0 11.517079
2 0 0.476050
5 1 2.023236
1 0 7.832163
1 1 8.709513
4 1 0.455386
2 1 1.029068
5 0 2.572029
6 1 1.961667
5 1 3.586649
2 0 0.249577
2 1 2.659386
4 0 2.388711
2 0 1.298840
1 0 1.486034
3 1 1.556172
3 0 0.174406
6 0 0.902053
6 1 0.453736
6 0 0.785648
2 1 0.921930
1 1 2.502850
2 0 3.676041
1 0 5.285048
4 1 1.623177
1 1 16.210506
2 1 7.896529
6 1 7.156908
1 0 0.421418
2 0 2.637792
4 0 9.825924
4 1 4.228455
3 1 0.186447
3 0 1.524481
6 0 0.591118
6 1 1.277145
2 1 3.751228
3 1 0.149234
6 0 2.821151
3 0 0.522115
5 0 2.414180
2 0 4.264877
6 1 0.687734
1 1 2.696106
4 0 0.046565
6 0 7.754638
6 1 1.591512
6 0 0.468076
1 0 0.043871
6 1 5.905817
2 1 0.932199
1 1 2.614910
5 1 4.567713
4 1 1.041730
2 0 0.081072
3 1 1.815771
5 0 3.096682
2 1 2.374811
2 0 0.119377
3 0 3.286160
3 1 2.018631
4 0 2.323287
2 1 10.423765
4 1 14.669838
3 0 1.648112
6 0 4.056977
2 0 22.092401
5 1 4.807067
5 0 5.617771
2 1 2.662816
5 1 0.720272
3 1 4.897870
5 0 9.521375
2 0 3.647632
5 1 0.194259
5 0 1.463959
2 1 4.798180
2 0 4.346102
4 0 3.877267
6 1 2.006629
2 1 4.849724
6 0 8.259033
1 0 0.667720
6 1 4.258366
5 1 6.659140
3 0 4.270903
6 0 4.669959
3 1 0.955224
5 0 2.053933
2 0 0.197520
4 1 3.821200
6 1 3.149462
5 1 2.407981
1 1 5.493951
5 0 0.636179
1 0 0.089309
1 1 0.996594
5 1 1.938981
5 0 14.736523
2 1 3.036591
2 0 3.137618
4 0 5.433937
4 1 2.881703
3 0 0.315962
1 0 1.490807
2 1 1.470502
6 0 1.931745
3 1 2.039598
6 1 9.659506
3 0 0.042316
2 0 8.856587
5 1 1.072340
6 0 1.742667
4 0 0.094582
6 1 0.743092
1 1 2.758430
6 0 2.601344
5 0 7.525434
4 1 0.327683
6 1 6.780867
5 1 1.867351
1 0 12.862870
3 1 6.336433
3 0 0.894432
4 0 2.968933
5 0 5.276901
4 1 1.250442
5 1 6.954155
3 1 0.664594
4 0 1.025078
6 0 1.227443
1 1 1.005621
4 1 2.695807
4 0 0.095693
5 0 0.997026
4 1 0.273010
3 0 3.976903
4 0 0.319726
3 1 2.226281
5 1 0.109267
3 0 4.294007
5 0 3.768859
3 1 2.019862
1 0 1.731890
3 0 0.094944
5 1 0.555341
3 1 3.291049
6 1 2.474020
3 0 1.131321
2 1 2.099496
1 1 3.452468
2 0 4.171715
3 1 0.973837
3 0 6.889412
1 0 1.287939
2 1 1.008044
1 1 9.455611
4 1 5.869589
2 0 0.510952
5 0 0.006623
2 1 0.859072
5 1 4.870812
3 1 11.961698
4 0 3.286291
2 0 1.720724
5 0 4.302223
1 0 8.856197
6 0 1.471323
3 0 0.294752
3 1 7.971259
5 1 5.244386
3 0 2.559228
2 1 0.255319
5 0 9.070132
4 1 5.412645
2 0 1.638022
4 0 0.717539
2 1 1.361570
1 1 1.415565
6 1 2.546531
6 0 3.717074
3 1 2.561832
2 0 3.530324
4 1 4.964136
1 0 1.440306
5 1 5.786463
1 1 0.743748
3 0 1.620058
1 0 6.464303
4 0 3.247211
2 1 1.082355
4 1 6.658254
5 0 0.763162
6 1 3.017891
6 0 2.889211
6 1 1.657758
5 1 0.550648
6 0 2.994548
3 1 6.949330
2 0 1.746889
5 0 9.729118
2 1 4.634704
2 0 1.126787
3 0 7.477861
3 1 0.503775
1 1 1.696695
5 1 0.481846
5 0 4.319538
4 0 2.474426
3 0 4.288398
5 1 6.371154
5 0 2.572364
5 1 2.403449
1 0 0.947107
1 1 4.896717
5 0 0.566519
1 0 8.876702
4 1 13.924679
6 1 0.506467
3 1 13.661248
2 1 2.500000
