6 1 0.041387
6 0 0.210681
4 1 0.190799
1 1 0.449575
2 1 0.215965
3 1 0.671419
2 0 0.480827
2 1 0.727409
6 1 0.542576
5 1 0.250113
5 0 0.388406
1 0 0.396412
2 0 1.226062
6 0 0.687425
5 1 0.694308
2 1 1.289952
2 0 0.920909
4 0 1.091671
3 0 0.531375
4 1 0.161459
5 0 0.312043
1 1 0.607551
4 0 0.628080
1 0 0.377515
6 1 0.487565
4 1 0.503530
5 1 0.067686
5 0 0.068154
6 0 0.406068
1 1 0.119993
4 0 0.206561
2 1 0.418361
5 1 1.174039
4 1 1.252569
4 0 3.603167
6 1 1.393492
3 1 0.040094
4 1 0.473354
4 0 0.443342
1 0 0.431355
6 0 2.085868
4 1 0.308896
6 1 0.466005
4 0 0.217092
4 1 0.250197
5 0 0.833765
4 0 2.184227
6 0 1.409078
6 1 0.430657
5 1 0.337870
4 1 0.833103
1 1 0.139068
5 0 1.106256
6 0 0.451332
4 0 0.315123
1 0 0.489555
6 1 1.544916
6 0 0.052715
1 1 0.123312
6 1 0.111783
3 0 0.602883
4 1 0.471749
2 0 0.166068
6 0 0.725994
1 0 1.121645
4 0 0.778692
5 1 0.211880
6 1 2.556671
6 0 1.015084
2 1 1.421727
5 0 0.190525
6 1 0.195533
6 0 0.897149
1 1 0.433224
2 0 0.546251
1 0 0.450847
4 1 0.817584
3 1 0.941506
6 1 0.230933
1 1 0.350922
1 0 0.947430
4 0 0.308092
6 0 0.811339
1 1 0.502346
5 1 1.547890
2 1 0.327912
4 1 0.129973
2 0 0.704949
4 0 0.922210
3 0 1.863828
4 1 0.412193
6 1 0.536133
1 0 0.766712
6 0 1.147952
3 1 4.559443
2 1 1.262610
4 0 0.402227
3 0 1.790652
6 1 3.159381
2 0 2.231914
1 1 1.440057
2 1 0.873228
3 1 0.315349
4 1 0.881927
2 0 0.895950
2 1 0.186749
3 0 0.133810
4 0 1.952354
2 0 0.115965
5 0 0.526748
6 0 0.430433
2 1 2.789409
2 0 1.914631
4 1 0.710880
6 1 0.923807
2 1 0.965165
5 1 0.141101
2 0 0.267056
3 1 1.000613
1 0 0.035085
4 0 0.507255
3 0 0.582543
3 1 0.380790
4 1 0.148881
1 1 0.678982
6 0 0.247583
5 0 0.244182
2 1 0.716381
4 0 0.954320
5 1 0.700822
3 0 3.094903
5 0 0.427702
1 0 0.852201
4 1 0.106577
3 1 1.183682
4 0 0.132499
6 1 3.095035
3 0 0.646548
3 1 1.298544
4 1 1.883773
2 0 0.018406
3 0 0.044689
2 1 0.024872
6 0 0.040973
6 1 0.304041
1 1 0.204429
5 1 0.869100
2 0 0.223644
5 0 0.859587
6 0 1.652102
2 1 1.986549
6 1 3.494029
2 0 0.426874
4 0 0.157753
3 1 1.435158
4 1 0.590052
2 1 0.517676
2 0 0.425953
6 0 0.132175
6 1 0.000900
4 0 0.295239
2 1 0.705421
2 0 0.207420
5 1 0.465477
6 0 0.973389
1 0 0.821498
6 1 0.239332
1 1 0.867461
1 0 0.089646
3 0 7.017878
5 0 0.251366
1 1 0.253758
6 0 0.147070
2 1 0.038043
5 1 0.189425
4 1 0.824541
1 0 0.143653
2 0 0.045859
3 1 0.515114
4 0 0.169882
5 0 1.697395
6 1 1.084009
6 0 0.566652
5 1 0.428581
2 1 0.720441
3 0 0.958596
1 1 0.310874
5 0 0.916328
5 1 2.859541
3 1 0.139298
2 0 1.193787
1 0 1.354466
4 1 0.286414
3 0 0.286766
4 0 0.593417
4 1 0.434443
6 1 1.146994
6 0 0.707657
6 1 0.527299
4 0 0.217900
1 1 0.612118
4 1 5.623165
3 1 1.709722
3 0 2.957062
6 0 0.042701
4 0 0.455309
2 1 1.601491
5 0 0.107751
2 0 0.014045
3 1 0.419307
1 0 0.416869
2 1 1.340249
3 0 0.952152
5 1 2.623603
4 1 0.699248
3 1 1.389748
3 0 0.074805
5 0 3.464997
6 1 1.848125
1 1 1.686280
3 1 0.910688
2 0 0.920721
1 0 4.037376
4 0 0.852169
1 1 0.451492
5 1 0.534430
4 1 0.223429
2 1 0.255641
2 0 0.158821
3 0 0.509909
5 0 1.254401
5 1 0.400072
6 0 0.590110
1 0 0.675658
5 0 1.717060
1 1 0.347934
4 0 0.606194
6 1 0.642454
6 0 0.204119
4 1 0.250209
1 0 2.197105
3 1 0.044125
3 0 0.025415
1 1 0.102615
3 1 0.405501
3 0 0.104914
4 0 0.796107
2 1 0.214668
2 0 0.935106
6 1 1.927290
3 1 0.086740
5 1 0.818142
1 0 0.796828
4 1 0.411357
4 0 0.102343
6 0 0.162970
1 1 0.074686
2 1 0.600902
4 1 0.035719
2 0 1.104275
1 0 1.533557
5 0 0.567410
4 0 0.150881
5 1 0.415408
1 1 0.623610
1 0 0.218667
1 1 0.298869
3 0 0.407410
5 0 0.047375
1 0 1.068776
2 1 1.681222
2 0 1.163443
6 1 0.528364
3 1 1.249709
1 1 0.234469
3 0 0.115296
6 0 0.405395
3 1 0.655808
5 1 0.095672
3 0 0.135371
3 1 0.408459
1 0 0.495608
1 1 0.091113
4 1 0.816792
6 1 0.980777
1 0 0.004378
1 1 0.594478
6 0 2.877321
1 0 3.166753
3 0 0.987963
2 1 2.338538
1 1 0.144386
4 0 0.605007
6 1 0.559129
6 0 0.522145
1 0 0.025000
1 1 0.269062
4 1 1.709417
4 0 0.096587
4 1 0.191891
4 0 0.677862
5 0 0.413047
6 1 1.931415
3 1 1.533350
4 1 0.145963
2 0 0.759986
2 1 0.065677
1 0 1.812312
5 1 1.448036
5 0 0.960790
2 0 0.167450
1 1 1.310969
3 0 1.345716
6 0 0.052457
2 1 0.316151
4 0 0.056811
5 1 0.255503
5 0 0.926462
2 0 0.199513
2 1 2.761604
6 1 0.516436
4 1 0.189788
6 0 0.160730
3 1 0.056695
6 1 0.202951
4 0 0.748776
1 0 0.577633
3 0 1.267712
4 1 2.324517
4 0 0.200666
4 1 2.222481
5 1 0.344027
1 1 1.135311
3 1 1.430336
2 0 1.148501
3 0 0.859885
4 0 0.086700
1 0 5.391598
1 1 0.249795
4 1 0.120996
1 0 0.911084
6 0 0.283068
6 1 0.406542
6 0 0.431289
3 1 0.729973
2 1 1.200409
1 1 0.101935
6 1 0.732685
3 0 1.337268
4 0 0.427724
4 1 0.607275
1 0 0.455310
4 0 0.004761
6 0 0.109204
4 1 0.952170
3 1 0.622502
3 0 0.463351
5 0 0.846910
1 1 1.051591
1 0 0.005478
6 1 0.529858
5 1 0.550234
1 1 0.171758
2 0 1.098743
2 1 2.270786
6 0 0.206080
4 0 1.083398
4 1 2.339215
5 0 1.414068
5 1 1.294237
4 0 0.403776
5 0 0.146012
2 0 0.264879
1 0 2.067700
4 1 0.202920
6 1 0.132881
1 1 0.548358
2 1 0.014099
6 0 0.726688
1 0 0.396958
5 1 0.584632
2 0 0.048251
2 1 1.854558
6 1 0.613358
2 0 0.141354
6 0 0.952786
4 0 0.633011
6 1 1.018687
4 1 0.035571
1 1 1.066052
3 1 0.126628
5 0 0.810274
6 0 1.377802
2 1 0.926366
6 1 0.066447
5 1 1.156664
4 0 0.006953
5 0 0.535235
3 0 0.289525
2 0 0.201039
1 0 0.271019
5 1 0.646732
4 1 0.910336
4 0 1.045229
2 1 0.523935
2 0 0.419350
1 1 0.491337
6 0 0.894609
5 0 1.728222
6 1 0.717591
6 0 0.386863
6 1 0.250577
6 0 0.301737
3 1 0.183457
1 0 0.582101
5 1 0.067022
5 0 0.548001
5 1 1.536260
5 0 0.944379
1 1 4.125312
1 0 0.053588
2 1 0.081909
2 0 0.495269
2 1 0.314738
2 0 0.099624
4 1 0.182453
4 0 1.257228
5 1 0.449218
2 1 1.597216
2 0 0.348185
3 0 0.369720
6 1 0.150694
3 1 0.126140
6 0 1.302043
1 1 2.197474
6 1 0.618770
3 0 1.700615
4 1 1.320704
3 1 3.177596
5 0 0.543995
2 1 0.230945
1 0 4.670612
4 0 1.175988
6 0 0.771463
1 1 0.187806
4 1 1.448685
3 0 1.509401
2 0 1.049637
2 1 0.088492
3 1 0.441680
5 1 0.310190
2 0 0.234928
1 0 0.458482
4 0 0.113095
4 1 2.052330
4 0 0.440677
4 1 0.258793
6 1 0.173670
3 0 2.450395
3 1 0.196286
5 0 0.737556
1 1 2.527837
6 0 1.722448
2 1 1.399253
2 0 0.217458
4 0 2.832695
5 1 2.628712
2 1 0.096150
6 1 1.538100
6 0 0.640888
6 1 0.147237
5 0 0.656992
6 0 0.709619
3 0 0.554031
5 1 0.723616
6 1 0.786667
4 1 0.311083
4 0 0.027375
6 0 0.980675
2 0 0.534598
4 1 0.339551
2 1 0.790877
1 0 3.529463
2 0 0.454776
1 1 0.501413
1 0 1.121700
2 1 0.978162
1 1 0.327659
5 0 0.599111
5 1 1.330984
6 1 1.294357
3 1 1.179201
5 0 0.770482
6 0 1.961057
3 0 0.397044
5 1 0.598094
3 1 1.251469
1 0 0.540113
3 0 0.839642
4 0 2.150045
3 1 2.434593
2 0 0.799966
1 1 0.700136
2 1 0.012182
2 0 0.458295
1 0 1.591532
1 1 0.443410
6 1 0.529866
1 0 0.209892
5 0 0.119189
1 1 0.172201
6 0 0.552837
3 0 0.706423
2 1 0.244159
4 1 1.296603
3 1 1.640647
2 0 0.870463
6 1 0.345221
2 1 0.592912
6 0 1.608171
6 1 0.243282
1 0 1.490373
5 1 1.712935
1 1 1.357915
4 0 0.629500
6 0 1.459513
2 0 0.518923
2 1 2.388097
1 0 0.611033
3 0 0.725415
4 1 0.737978
4 0 0.173953
3 1 1.153592
6 1 0.061204
2 0 1.014521
1 1 0.918873
2 1 1.138330
3 0 2.263472
6 0 0.331853
5 0 0.157851
2 0 0.557092
3 1 0.464521
3 0 1.024367
2 1 0.282289
1 0 0.134197
3 1 0.193315
3 0 0.744864
6 1 0.433220
4 1 0.119162
2 0 0.092238
3 1 2.280618
5 1 0.260985
6 0 0.021849
4 0 0.406305
4 1 0.109330
4 0 0.346240
1 1 0.156170
4 1 0.067249
5 0 0.316134
5 1 0.161797
3 0 2.868387
2 1 0.112943
6 1 0.950499
3 1 0.475113
6 0 1.507958
2 0 1.368158
3 0 1.045260
1 0 6.038407
4 0 0.186842
3 1 0.393781
2 1 0.490332
2 0 2.786774
2 1 0.437577
3 0 0.132818
4 1 0.270037
2 0 0.122989
2 1 1.138471
2 0 0.406048
5 0 1.745465
6 1 0.800321
2 1 0.678490
2 0 0.667585
4 0 2.762427
6 0 0.957502
3 1 0.579302
4 1 0.445252
4 0 1.180119
2 1 0.303715
2 0 0.048922
2 1 0.431220
2 0 0.248629
3 0 2.872458
5 1 1.197272
4 1 0.127371
6 1 0.337135
3 1 0.360863
5 0 1.750158
1 1 0.191829
4 0 0.932236
5 1 0.142748
4 1 1.229581
6 0 0.422475
4 0 0.520449
4 1 1.059595
1 0 3.527966
6 1 0.305905
5 0 0.567658
5 1 0.662626
2 1 1.307506
1 1 1.364840
2 0 0.158983
3 0 0.371235
5 0 2.511116
5 1 1.284197
2 1 0.882037
3 1 0.463025
4 0 0.753543
4 1 0.861277
1 0 1.539756
5 0 1.135340
1 1 1.631988
1 0 1.633772
1 1 2.511910
6 0 0.868694
1 0 0.185333
3 0 0.835972
6 1 1.214169
5 1 0.372957
5 0 0.048640
3 1 0.166362
5 1 0.053933
5 0 0.128911
6 0 0.159359
2 0 0.388649
2 1 0.365382
6 1 1.064063
2 0 0.621699
1 1 2.460354
6 0 1.478717
1 0 0.606510
3 0 0.179590
6 1 0.057003
5 1 1.981972
6 0 0.499328
3 1 1.245149
4 0 1.272451
5 0 0.230122
1 1 0.154623
4 1 1.305444
5 1 0.400667
4 0 0.045372
1 0 0.014163
6 1 0.377115
1 1 0.490485
3 0 0.613184
2 1 0.848650
3 1 0.779073
2 0 0.452945
3 0 2.158665
6 0 0.816363
1 0 1.040600
6 1 1.062909
4 1 0.698292
4 0 0.023242
2 1 0.180864
2 0 0.705841
1 1 3.950734
3 1 0.737549
1 0 2.259929
5 0 1.210889
3 0 0.202463
4 1 0.440550
2 1 0.020226
4 0 0.710058
5 1 0.870338
1 1 0.976865
2 0 3.435525
5 0 0.166742
1 0 0.224509
2 1 0.310751
6 0 0.117603
1 1 0.192194
6 1 0.047666
1 0 0.214015
4 1 1.713742
3 1 0.170214
4 0 0.192052
6 0 0.698969
5 1 0.784512
2 0 0.556695
4 1 0.079694
2 1 7.460760
2 0 0.428018
6 1 0.307542
5 0 0.009752
6 0 0.849337
3 0 0.103553
4 0 1.355375
2 1 0.269101
2 0 1.220585
6 1 0.345655
6 0 0.036549
3 1 0.099039
6 1 0.426455
2 1 2.442031
4 1 1.508991
5 1 1.910065
6 0 0.788706
5 0 1.260237
3 0 1.043030
6 1 0.562975
3 1 0.311960
1 1 0.698312
4 0 0.353119
4 1 0.118449
5 1 1.372361
1 0 1.206680
1 1 0.376644
4 0 0.242992
4 1 1.623479
1 0 1.072685
2 0 0.081632
5 0 3.937606
5 1 0.703498
2 1 0.209721
4 0 0.464114
2 0 1.728156
4 1 1.202565
4 0 0.225015
5 0 0.342381
3 0 0.227475
5 1 0.532427
1 1 0.471712
2 1 1.237129
1 0 0.221944
2 0 1.320145
4 1 0.177913
2 1 0.369209
5 0 0.343756
4 0 0.143989
6 0 1.011456
5 1 2.650643
3 1 0.820636
3 0 0.932197
3 1 1.081324
2 0 0.396287
2 1 0.712683
5 0 1.319283
4 1 0.125258
1 1 0.202971
6 1 2.479750
1 0 0.826940
1 1 0.804621
3 0 1.114329
6 0 0.174715
5 1 1.039575
2 0 0.072272
6 1 0.857854
2 1 0.266757
4 0 0.066541
3 1 2.935973
1 0 0.187398
3 0 0.991034
2 0 0.388478
6 0 0.766441
4 1 0.149718
2 1 1.276103
5 0 0.765402
6 1 1.729362
5 1 1.622859
2 0 0.271716
1 1 0.199801
3 1 0.103656
2 1 0.232048
5 0 0.112898
3 0 0.263361
5 1 0.172469
2 0 0.040911
5 0 0.008597
4 0 0.078633
6 0 1.017199
5 1 0.419814
6 1 0.075196
6 0 1.954757
5 0 0.591641
5 1 1.173660
4 1 0.068567
4 0 0.236053
6 1 0.214693
3 1 0.250952
3 0 1.336487
5 0 0.320235
4 1 0.248348
3 1 2.092699
2 1 0.244308
4 0 0.070055
3 0 0.870924
5 1 0.725658
2 0 1.080399
4 1 0.323746
3 1 1.255439
3 0 0.590306
1 0 0.946449
1 1 1.427731
4 0 0.658283
5 0 0.319525
6 0 1.065947
5 1 0.987001
4 1 0.844810
2 1 0.414029
4 0 0.025363
3 1 0.325922
5 0 3.419538
4 1 0.268654
2 0 2.989661
2 1 1.150147
6 1 1.822677
2 0 0.769453
3 0 0.517940
2 1 0.824564
1 0 0.675896
2 0 0.484342
2 1 0.354993
6 0 2.271800
4 0 0.070840
3 1 0.271067
4 1 0.873724
2 0 0.006056
1 1 2.657947
6 1 0.433375
6 0 1.474045
2 1 0.288669
2 0 1.655624
6 1 2.210575
1 0 0.519756
6 0 0.609135
5 1 0.531985
3 0 1.597390
5 0 0.166905
1 1 0.061581
5 1 2.576897
4 0 0.424146
3 1 0.111264
3 0 0.332148
1 0 0.033925
5 0 0.691889
1 1 0.213919
2 1 0.356662
4 1 0.809354
3 1 0.444108
5 1 0.299430
4 0 0.677135
1 0 0.323599
2 0 0.387677
5 0 0.626963
3 0 3.536928
6 1 0.458805
3 1 0.727663
2 1 0.284065
2 0 2.399042
2 1 0.085261
1 1 0.480611
1 0 0.063073
3 0 1.812939
4 1 0.174083
1 1 0.121358
6 0 0.911432
4 0 0.186440
2 0 0.126027
6 1 0.078291
4 1 0.440354
2 1 0.638355
3 1 0.534663
3 0 0.138592
5 1 0.243586
2 0 0.019819
1 0 0.845917
4 0 0.133640
1 1 0.026009
6 0 0.310642
6 1 1.308790
2 1 1.354251
3 1 0.440071
6 0 0.372165
4 1 1.114931
3 0 0.041354
4 0 1.261027
1 0 0.633686
1 1 0.400784
5 0 0.598208
6 1 0.052234
5 1 0.130623
6 0 1.075666
5 0 0.316268
5 1 0.587060
1 0 0.582437
6 1 0.302648
6 0 0.357160
4 1 0.039648
4 0 0.070600
4 1 0.898155
6 1 0.851835
2 0 1.366440
4 0 0.558019
4 1 0.402342
5 0 0.770382
5 1 1.006139
5 0 0.929170
5 1 3.395428
3 1 0.367271
1 1 0.358402
4 0 0.035770
5 0 0.955776
6 0 2.119745
5 1 0.163369
1 0 0.288459
5 0 0.122310
4 1 0.484938
4 0 1.965892
5 1 0.083397
4 1 1.045894
6 1 0.636633
3 0 1.041645
1 1 1.013882
2 1 0.415329
4 0 0.789187
4 1 0.834089
1 0 0.221307
1 1 2.789717
6 0 0.786148
4 0 1.428966
1 0 2.185084
6 1 0.175924
4 1 0.145876
3 1 2.595419
2 0 0.531832
6 0 0.719420
4 0 0.145188
6 1 1.244832
6 0 1.294339
2 1 1.397893
6 1 1.553051
4 1 0.691603
4 0 0.215788
3 0 0.404691
4 1 0.414292
6 0 0.100754
5 0 3.570026
2 0 0.774463
1 1 0.490436
4 0 0.235873
4 1 0.782525
1 0 0.081139
6 1 0.569086
5 1 0.919234
3 1 0.365900
6 0 2.326800
6 1 0.815616
4 0 0.315536
3 0 0.039186
4 1 0.095024
6 0 0.093900
1 1 0.613953
6 1 1.423734
1 0 2.912982
5 0 0.087571
2 1 0.486767
1 1 0.767591
1 0 0.379690
5 1 1.067849
1 1 0.839649
3 1 0.335238
4 0 0.241020
4 1 0.647589
4 0 0.792081
2 0 1.243582
3 0 0.508415
1 0 0.850462
4 1 0.604180
3 1 0.702695
3 0 1.169211
1 1 0.223166
3 1 0.079469
3 0 2.026529
2 1 0.362193
1 0 0.411516
6 0 2.426468
6 1 0.545986
1 1 0.832162
5 0 0.714949
1 0 0.142550
2 0 0.111922
3 1 1.328748
1 1 1.526315
2 1 0.161008
2 0 0.156546
5 1 1.925689
5 0 0.644200
6 0 0.726494
6 1 0.372543
6 0 0.828767
6 1 0.401375
5 1 0.700674
3 0 0.402104
3 1 0.350427
1 0 0.141588
4 0 0.040695
3 0 0.717867
2 1 0.495587
4 1 2.542732
1 1 1.118747
3 1 0.422568
2 0 0.046357
2 1 0.985397
4 0 0.666796
5 0 0.043090
1 0 0.111250
4 1 2.054219
2 0 0.077952
2 1 2.052201
4 0 1.429156
2 0 0.060343
2 1 1.016677
4 1 0.368068
6 0 0.597557
3 0 1.116258
2 0 0.632487
1 1 0.854385
6 1 0.375501
1 0 0.925607
4 0 0.578793
5 1 1.053945
4 1 2.121595
6 0 2.092142
3 1 1.456467
2 1 0.087122
4 0 0.259881
4 1 0.420394
1 1 0.393696
4 0 0.504092
5 0 0.766513
4 1 1.849424
1 0 1.124658
2 0 1.247391
5 1 0.332959
2 1 0.024039
5 0 1.449456
4 0 0.357988
5 1 0.322835
4 1 0.598123
6 1 1.293810
1 1 0.343382
2 0 0.391314
2 1 1.641320
1 0 0.635094
4 0 1.125605
4 1 1.011882
4 0 0.004938
4 1 0.519098
6 0 0.617519
1 1 0.463603
5 0 1.284143
5 1 4.419090
5 0 0.029102
3 0 0.627592
1 0 0.438809
3 1 0.457717
2 0 0.169006
5 1 0.336315
3 0 0.444396
3 1 1.286805
1 1 2.609358
2 1 0.834158
5 0 0.128021
6 1 0.405895
3 0 0.424983
4 0 1.060183
2 0 0.960490
5 1 0.017690
5 0 0.416476
2 1 1.039504
3 1 0.509006
2 0 0.058475
5 1 0.588570
5 0 1.031712
3 0 0.806290
6 0 0.333692
6 1 0.380551
4 1 0.345391
1 0 0.110381
3 1 0.121939
3 0 0.115655
6 0 0.928911
2 1 0.501000
2 0 0.456989
5 1 0.441472
3 1 0.209077
1 1 0.165888
3 0 0.372692
3 1 0.011424
3 0 0.249667
1 0 0.178842
4 0 0.828856
4 1 0.583072
1 1 1.132390
5 0 1.552712
5 1 0.027431
5 0 0.380473
1 0 1.077877
4 0 0.555928
2 1 0.011118
3 1 0.276802
3 0 0.068610
1 1 0.224184
2 0 0.525964
1 0 0.583959
5 1 2.387732
1 1 0.467801
1 0 2.140984
6 1 0.161864
6 0 0.361374
5 0 0.001228
6 1 0.139669
2 1 0.123081
1 1 0.763788
1 0 1.482023
5 1 0.209603
4 1 0.442725
4 0 0.634032
5 0 0.221966
3 1 0.536371
2 0 0.160144
3 0 0.275069
1 1 3.570613
5 1 3.111553
4 1 2.461531
1 0 0.170053
4 0 1.039118
4 1 0.062647
6 0 0.368057
3 1 0.536265
3 0 0.202303
5 0 2.066827
3 1 2.377136
6 1 0.168717
3 0 0.138185
5 1 0.064630
1 1 0.728320
4 0 0.071466
4 1 0.495421
6 0 1.162005
1 0 1.131903
3 1 1.301311
4 0 1.743546
1 1 0.283727
3 0 2.211126
1 0 0.825803
3 1 1.853527
3 0 0.019556
2 1 0.515198
4 1 1.256869
5 0 1.080493
3 1 0.174620
2 0 1.479676
1 1 0.343938
1 0 1.114229
5 1 0.644855
1 1 0.153136
6 1 1.059255
5 0 0.525864
2 1 0.222255
1 0 0.389421
4 0 1.576293
2 0 0.219667
4 1 0.048091
3 0 0.083359
2 1 0.335589
5 1 0.199501
4 0 1.313553
4 1 0.150921
5 0 0.345251
1 1 0.312808
2 0 0.294874
6 0 1.565472
1 0 0.300461
3 1 2.303389
3 0 0.877372
5 1 0.519599
1 1 0.037706
4 0 0.012688
1 0 0.059298
4 1 0.236120
6 1 0.516806
2 1 0.358424
5 0 0.032386
6 0 0.136294
2 0 0.274345
5 1 0.255336
3 1 1.486794
5 0 1.099310
6 1 7.387720
1 1 0.273576
3 0 0.932792
3 1 0.388994
5 1 0.486101
3 0 1.323875
6 0 0.226359
5 0 0.160742
1 0 0.020988
4 0 1.807718
1 1 0.299715
1 0 1.803746
3 1 0.494449
1 1 0.309261
5 1 0.618553
4 1 0.650431
2 1 0.835247
1 0 0.492999
4 0 0.844148
5 0 0.866795
1 1 0.424389
6 1 3.302676
5 1 0.201844
5 0 0.172672
3 0 0.253008
2 0 0.517541
3 1 0.077267
6 0 1.069578
2 1 3.415792
1 0 1.174567
3 0 2.026615
4 1 1.497848
6 1 0.285746
6 0 0.294277
5 1 1.760207
1 1 0.688734
3 1 0.387780
2 0 0.051497
5 0 0.311313
3 0 1.108099
3 1 0.192366
2 1 0.248102
1 0 1.944834
5 1 3.220070
6 1 1.082725
3 0 0.533178
3 1 0.115419
2 0 0.212188
1 1 0.606903
4 0 2.818359
1 0 0.037481
4 1 0.569917
5 0 0.178641
2 1 0.321861
1 1 0.920238
6 0 0.155984
4 0 0.974798
1 0 0.668382
5 1 2.781595
3 0 0.376182
2 0 0.398143
3 1 0.963543
3 0 1.035246
4 1 0.146528
5 0 1.233709
5 1 0.954473
4 0 0.579734
3 1 2.594296
4 1 1.526274
2 1 1.798626
4 0 1.458176
1 1 0.313587
4 1 0.147546
6 1 0.578238
6 0 1.562944
2 0 0.073329
6 1 0.221932
3 0 1.987694
2 1 0.031503
5 0 0.318449
4 0 2.052868
5 1 0.385665
4 1 0.176617
1 0 1.692225
5 0 1.080053
6 0 1.770289
1 1 0.426492
1 0 0.754192
4 0 1.733781
1 1 0.083253
3 1 0.617431
6 1 2.585142
6 0 2.451151
6 1 1.058258
5 1 0.814192
1 0 0.020130
5 0 0.742871
5 1 0.156150
2 0 0.293361
3 0 0.931077
5 0 0.321444
5 1 0.073083
4 1 0.265413
3 1 0.472367
2 1 1.317714
4 0 0.043694
5 0 0.019905
5 1 0.607419
1 1 0.923742
5 0 0.212892
3 0 3.396963
3 1 0.417217
3 0 1.102925
2 0 0.418854
6 0 0.112753
1 0 4.086778
2 1 0.680772
1 1 0.648977
1 0 0.623684
3 1 1.866233
2 0 0.453795
1 1 0.197101
6 1 0.062729
5 1 0.412368
2 1 1.487277
4 1 3.461589
1 0 1.316885
4 0 0.722987
3 0 0.125318
1 1 0.433807
2 0 0.736382
6 0 0.774652
6 1 0.523333
1 0 1.489920
3 1 0.714363
6 0 0.567973
2 1 0.489236
2 0 5.751934
3 0 0.821935
4 1 0.370548
6 1 1.891784
1 1 0.070259
6 0 1.201878
5 0 0.334029
2 1 0.592121
5 1 1.695785
4 0 0.239806
3 1 0.880740
1 0 0.309630
1 1 0.401641
1 0 1.940403
5 0 2.915287
3 0 1.028244
6 1 0.012820
4 1 0.822155
1 1 0.806514
4 0 0.980727
5 1 0.766882
4 1 1.676525
4 0 0.429819
2 0 1.858190
2 1 0.129527
1 0 1.240187
1 1 0.146614
3 1 1.286967
4 1 3.021380
4 0 0.102702
1 0 0.123904
2 0 0.017228
2 1 0.314293
5 0 0.147195
1 1 3.661899
3 0 0.306398
1 0 0.464840
4 1 0.304292
4 0 2.726809
1 1 0.540233
2 0 0.376325
5 1 0.221117
3 1 0.066798
3 0 0.119466
4 1 0.641333
3 1 1.517575
2 1 0.028716
3 0 1.419833
1 0 0.773271
5 0 0.405352
2 0 0.011126
6 0 0.030493
3 1 0.442067
5 1 1.361000
5 0 0.064185
5 1 0.986177
6 1 0.580330
2 1 0.138904
5 0 0.022573
1 1 2.576354
4 0 0.724425
4 1 0.263895
3 0 0.128748
2 0 0.210074
1 0 0.512216
6 0 0.885053
5 1 0.260657
1 1 1.573888
1 0 1.268733
5 0 0.208569
6 1 1.268775
5 1 0.366119
5 0 0.402386
3 1 1.936674
1 1 0.500994
2 1 1.996856
6 0 1.338294
1 0 2.069710
6 1 1.358301
2 0 0.133434
4 0 0.526377
5 1 0.780378
1 1 0.185828
2 1 0.018296
2 0 2.941141
2 1 0.735017
6 0 1.467760
2 0 0.842212
4 1 0.577624
5 0 0.502548
2 1 0.241701
2 0 1.683486
3 0 1.015104
3 1 1.691895
3 0 0.438793
5 1 0.190884
2 1 0.645719
3 1 0.570275
1 0 0.087247
1 1 2.258578
4 0 0.221579
2 0 0.104957
1 0 1.342310
5 0 0.711823
5 1 0.794445
3 0 1.126217
3 1 0.016224
1 1 0.023019
5 0 0.118924
1 0 1.517631
4 1 0.347447
1 1 1.357075
3 0 2.230295
1 0 0.567221
2 1 2.346293
4 0 0.689431
6 1 0.389755
6 0 0.486265
4 1 0.666281
1 1 1.583266
4 0 0.125332
4 1 0.659968
6 1 0.945346
3 1 0.660976
3 0 0.227690
1 0 3.032965
4 0 0.827169
2 0 1.598243
5 1 0.254159
6 0 0.610541
6 1 0.581013
2 1 0.458159
4 1 0.323062
3 1 0.209360
1 1 0.858022
5 0 0.136598
2 0 0.850936
2 1 1.190669
1 0 0.096769
4 0 0.120368
1 1 0.352096
4 1 0.596832
5 1 0.211374
2 0 1.532843
3 0 0.450942
4 0 2.436053
5 0 0.182300
6 0 1.661910
4 1 0.958745
1 0 0.484900
3 1 6.163168
2 1 2.500000
