6 1 2.236232
5 1 3.091960
1 1 5.260807
1 0 1.512244
1 1 8.012179
4 1 3.548961
6 0 1.617071
6 1 1.611151
3 1 0.719275
5 0 3.086279
1 0 2.263918
1 1 1.061452
2 1 0.412698
2 0 2.509376
6 0 1.134612
4 0 0.922339
3 0 0.912863
5 1 5.942694
4 1 0.480169
1 0 0.030201
1 1 7.258673
1 0 0.610092
1 1 0.219549
4 0 0.596369
5 0 3.625126
2 1 5.436039
6 1 4.183588
3 1 1.992089
3 0 7.015983
4 1 0.908465
5 1 1.039950
3 1 4.569539
6 0 3.484153
3 0 0.329492
5 0 2.753949
5 1 1.016127
4 0 2.204973
6 1 1.234981
2 0 1.961055
3 1 0.678378
6 0 1.591011
3 0 2.549877
5 0 1.354303
1 0 1.024199
2 1 3.666400
4 1 0.829620
5 1 0.758961
3 1 2.450444
6 1 0.358981
4 0 1.782942
3 0 2.306240
3 1 10.865437
4 1 1.654734
1 1 2.592657
2 0 1.597797
5 0 0.036806
5 1 7.015938
4 0 8.394060
4 1 0.379202
3 0 7.583156
4 0 2.141285
6 0 0.198594
6 1 2.623301
3 1 0.400956
1 0 6.697673
6 0 2.549673
6 1 1.716740
6 0 5.662152
6 1 1.813822
3 0 2.113615
3 1 4.655225
1 1 1.288549
6 0 0.671522
1 0 7.287841
1 1 4.161073
1 0 0.127733
6 1 8.979028
1 1 0.150181
4 1 1.922334
2 1 3.456649
6 0 5.622181
2 0 2.233692
3 0 1.033397
5 0 3.647775
2 1 2.698787
3 1 0.937803
5 1 2.696820
1 0 0.198424
5 0 3.905494
1 1 3.567636
2 0 4.010998
4 0 0.674988
3 0 1.066842
5 1 1.641925
5 0 1.103413
2 1 5.879433
4 1 1.279236
4 0 1.779001
5 1 0.586023
5 0 4.792222
1 0 1.529984
3 1 0.705188
1 1 0.112436
6 1 0.327104
5 1 2.327917
1 0 3.766946
5 0 0.567250
1 1 0.621506
3 0 0.038270
5 1 3.784291
4 1 0.458251
1 0 5.935848
4 0 1.842993
5 0 0.953721
2 0 0.988476
1 1 1.378233
1 0 0.004535
6 0 3.527246
5 1 4.471166
2 1 6.970591
3 1 4.073221
1 1 7.786917
5 0 8.688084
5 1 0.268511
4 1 1.137314
6 1 3.405833
6 0 4.457628
2 0 0.222712
3 0 1.007628
3 1 6.034273
1 0 1.954565
6 1 8.387105
3 0 3.068979
2 1 2.147903
1 1 1.914482
5 0 17.189849
3 1 1.258289
5 1 3.803970
2 0 5.327652
5 0 0.396218
4 0 1.503514
6 0 0.686290
1 0 7.514848
1 1 0.101666
4 1 6.407649
4 0 2.546571
6 1 2.067914
6 0 1.065902
6 1 3.139884
1 0 0.219056
5 1 3.515809
3 0 1.385336
3 1 0.024714
4 1 0.635480
3 0 2.517019
1 1 1.371801
6 0 2.155366
6 1 3.658693
1 0 4.042007
5 0 0.108322
4 0 0.759338
1 1 0.155530
2 1 0.585039
3 1 1.392390
2 0 0.288139
6 0 1.442009
6 1 4.908592
1 0 5.398760
4 1 4.252761
4 0 2.342324
1 1 0.243523
5 1 3.616449
6 0 1.165503
4 1 4.217880
5 0 4.235068
6 1 1.633564
3 0 0.828350
1 0 0.860175
3 1 1.219380
5 1 6.122169
2 1 1.035973
5 0 1.307319
4 0 1.165205
4 1 3.520533
3 0 3.415128
6 0 0.958322
2 0 1.684872
6 1 4.860633
4 0 0.934289
2 1 3.849777
6 0 9.990303
4 1 1.214486
1 1 0.365410
2 0 0.391802
3 1 3.793740
6 1 2.856467
3 0 4.770067
1 0 0.290001
2 1 2.958168
4 0 0.459908
2 0 1.057562
4 1 2.033693
2 1 5.946647
6 0 3.469449
4 0 6.436553
1 1 2.058404
2 0 1.658232
4 1 1.112100
1 0 2.334212
4 0 2.124110
1 1 7.490068
6 1 4.693040
3 1 1.572613
2 1 1.415871
6 0 3.142461
6 1 1.836050
1 0 0.620818
6 0 2.530320
6 1 4.600715
4 1 0.003474
2 0 4.996436
5 1 12.121728
6 0 6.649853
4 0 1.089350
3 0 2.233102
2 1 0.178381
6 1 2.814558
5 0 1.298265
2 0 1.908794
6 0 0.837888
3 1 1.279198
3 0 5.802433
5 1 7.455097
4 1 13.614689
3 1 7.006832
6 1 4.156403
2 1 1.892058
1 1 3.111264
6 0 0.506494
1 0 0.196110
1 1 7.451380
1 0 6.917994
3 0 3.088385
6 1 4.733923
5 0 0.608555
1 1 0.544893
1 0 2.033474
1 1 4.813476
2 0 0.929533
2 1 0.777325
6 0 1.462260
5 1 4.498888
1 0 1.337839
2 0 2.114591
6 1 0.183052
2 1 12.598189
6 0 1.903816
2 0 7.577485
4 0 2.301201
4 1 0.116526
1 1 5.314261
2 1 0.593348
5 0 0.522661
1 0 3.583636
6 1 2.724000
3 1 4.062125
3 0 4.870292
3 1 2.104928
2 0 0.254721
3 0 2.630624
5 1 7.210848
1 1 0.929532
5 0 10.025988
3 1 6.157907
1 0 1.136520
3 0 8.520569
2 1 2.514789
5 1 0.267583
6 0 3.781401
2 0 1.037100
2 1 0.704297
4 0 7.575889
5 0 0.840897
2 0 0.856032
5 1 1.338258
1 1 1.021487
5 0 2.791970
2 1 1.167617
2 0 5.206862
5 1 3.102647
2 1 1.368616
2 0 1.128217
2 1 2.134255
3 1 3.899261
5 0 5.557987
1 0 7.095260
2 0 0.917056
2 1 3.076470
2 0 0.127018
6 1 9.453314
1 1 0.079292
2 1 2.211047
5 1 0.316100
3 0 0.457233
2 0 5.422664
2 1 1.463282
6 0 0.548300
2 0 0.433157
1 0 1.602955
4 1 0.490139
5 0 2.116499
4 0 0.277816
6 1 3.014893
3 1 0.556714
2 1 0.070208
4 1 2.311964
4 0 0.106847
5 1 0.926137
4 1 1.252203
1 1 1.152344
2 0 0.512228
1 0 4.374611
3 0 2.351888
6 0 4.305454
6 1 1.243007
5 0 2.185889
6 0 4.233571
1 1 6.667420
5 1 11.387223
1 0 5.599488
3 1 2.969437
1 1 2.770801
3 0 1.198659
1 0 1.473646
1 1 0.594153
5 0 1.334633
2 1 1.374232
5 1 2.753715
2 0 0.928112
3 1 0.568365
6 1 1.627796
5 0 0.063783
4 0 5.829183
1 0 1.839480
3 0 0.921908
3 1 14.329944
2 1 0.675018
1 1 1.327739
4 1 0.288054
5 1 5.188950
4 0 0.344462
4 1 0.417854
1 0 0.458434
2 0 0.976913
5 0 5.240139
5 1 1.157807
3 0 0.042833
4 0 2.044061
2 1 0.804101
1 1 3.552729
3 1 2.233033
4 1 0.254474
3 0 0.645370
4 0 5.645392
4 1 4.725293
2 0 4.075964
1 0 0.831911
3 1 0.440747
2 1 0.736762
2 0 0.038016
1 1 3.531137
6 0 2.197587
4 0 2.561662
6 1 0.782193
2 1 0.413091
1 0 4.686757
1 1 0.251202
6 0 7.484749
4 1 0.549030
6 1 0.469188
4 0 0.797233
6 0 2.511013
5 0 1.501684
1 0 1.594932
2 0 3.290885
1 1 3.396340
5 1 1.872328
1 0 1.184494
3 0 1.540496
4 1 9.923991
6 1 0.426548
6 0 5.116283
1 1 0.192792
5 0 10.152731
5 1 0.406852
5 0 3.009147
5 1 2.283961
5 0 1.576971
6 1 0.059922
5 1 13.452261
2 1 2.153026
4 0 2.014483
2 0 0.464614
5 0 1.917073
5 1 0.093768
1 0 4.000379
4 1 3.190665
1 1 3.251491
4 0 1.779248
3 1 2.763881
4 1 0.669106
4 0 2.913804
1 0 0.724628
1 1 1.097865
5 0 8.408537
6 0 4.614961
4 1 2.272447
1 0 1.861803
4 0 3.626304
1 1 3.958281
5 1 5.779232
6 1 1.754685
1 0 3.429946
6 0 0.475107
4 1 1.548617
4 0 5.994002
4 1 6.084547
2 1 0.114200
5 0 1.418903
6 1 0.824132
5 1 0.701688
1 1 3.622358
6 0 5.722377
4 0 1.754819
1 0 0.357496
5 0 0.113076
6 1 2.277624
3 0 2.985799
2 0 1.634723
1 1 7.244032
5 1 0.087357
2 1 0.474117
4 1 4.213339
1 0 1.801288
3 1 12.561435
6 0 2.500000
